C demo_new input for photon transport
C photon transport
C 
mode p
nps 1e8
prdmp 2e6 1e7 0 10 1e8
C source parameters
C default, 100, photon
idum 0 100 2
C Tally card
fmesh4:p geom=xyz origin= -40 -12.5 -2.5
         imesh=40 iints=16
         jmesh=12.5 jints=5
         kmesh=2.5 kints=1
         emesh
      0.01    0.015    0.02    0.03    0.04    0.05    0.06
      0.07    0.08     0.10    0.15    0.20    0.3     0.4
      0.5     0.6      0.8     1.0     2.0     4.0     6.0
      8.0     10.0
C dose
fmesh14:p geom=xyz origin= -40 -12.5 -2.5
         imesh=40 iints=16
         jmesh=12.5 jints=5
         kmesh=2.5 kints=1
de14     0.01    0.015    0.02    0.03    0.04    0.05    0.06
      0.07    0.08     0.10    0.15    0.20    0.3     0.4
      0.5     0.6      0.8     1.0     2.0     4.0     6.0
      8.0     10.0
df14  0.0485  0.1254   0.2050  0.2999  0.3381  0.3572  0.3780
      0.4066  0.4399   0.5172  0.7523  1.0041  1.5083  1.9958
      2.4657  2.9082   3.7269  4.4834  7.4896  12.0153 15.9873
      19.9191 23.7600
C dose for air detector 1
fmesh24:p geom=xyz origin= 42.5 -12.5 -2.5
          imesh=47.5 iints=1
          jmesh=-7.5 jints=1
          kmesh=2.5 kints=1
de24     0.01    0.015    0.02    0.03    0.04    0.05    0.06
      0.07    0.08     0.10    0.15    0.20    0.3     0.4
      0.5     0.6      0.8     1.0     2.0     4.0     6.0
      8.0     10.0
df24  0.0485  0.1254   0.2050  0.2999  0.3381  0.3572  0.3780
      0.4066  0.4399   0.5172  0.7523  1.0041  1.5083  1.9958
      2.4657  2.9082   3.7269  4.4834  7.4896  12.0153 15.9873
      19.9191 23.7600
C
fmesh34:p geom=xyz origin= 42.5 -2.5 -2.5
          imesh=47.5 iints=1
          jmesh=2.5 jints=1
          kmesh=2.5 kints=1
de34     0.01    0.015    0.02    0.03    0.04    0.05    0.06
      0.07    0.08     0.10    0.15    0.20    0.3     0.4
      0.5     0.6      0.8     1.0     2.0     4.0     6.0
      8.0     10.0
df34  0.0485  0.1254   0.2050  0.2999  0.3381  0.3572  0.3780
      0.4066  0.4399   0.5172  0.7523  1.0041  1.5083  1.9958
      2.4657  2.9082   3.7269  4.4834  7.4896  12.0153 15.9873
      19.9191 23.7600
C
fmesh44:p geom=xyz origin= 42.5 7.5 -2.5
          imesh=47.5 iints=1
          jmesh=12.5 jints=1
          kmesh=2.5 kints=1
de44     0.01    0.015    0.02    0.03    0.04    0.05    0.06
      0.07    0.08     0.10    0.15    0.20    0.3     0.4
      0.5     0.6      0.8     1.0     2.0     4.0     6.0
      8.0     10.0
df44  0.0485  0.1254   0.2050  0.2999  0.3381  0.3572  0.3780
      0.4066  0.4399   0.5172  0.7523  1.0041  1.5083  1.9958
      2.4657  2.9082   3.7269  4.4834  7.4896  12.0153 15.9873
      19.9191 23.7600

