         1         1         1        10                       10/2/18 16:4:12
         2
  3.20000E+01  5.00000E+01  2.00000E+00 -4.00000E+01 -1.25000E+01 -2.50000E+00
  1.00000E+00  1.00000E+00  1.00000E+00  1.00000E+00
 -4.00000E+01  3.20000E+01  4.00000E+01  1.00000E+00
 -1.25000E+01  5.00000E+01  1.25000E+01  1.00000E+00
 -2.50000E+00  2.00000E+00  2.50000E+00  1.00000E+00
  1.00000E-01  2.00000E+01
  1.34549E-02  1.40219E-02  1.53427E-02  1.57611E-02  1.66226E-02  1.58059E-02
  1.33983E-02  9.98736E-03  8.43755E-03  8.48939E-03  8.33341E-03  9.11100E-03
  7.49640E-03  7.41058E-03  7.33222E-03  6.95990E-03  6.86671E-03  7.13681E-03
  5.24286E-03  5.82617E-03  6.01810E-03  5.25222E-03  5.51211E-03  5.95934E-03
  5.56496E-03  5.55086E-03  5.48208E-03  4.94945E-03  5.52857E-03  5.06494E-03
  5.01742E-03  4.23199E-03  1.58212E-02  1.61302E-02  1.81819E-02  1.97127E-02
  1.93228E-02  1.83502E-02  1.49809E-02  1.08992E-02  8.68031E-03  8.79089E-03
  8.88907E-03  8.35500E-03  7.49440E-03  7.90105E-03  7.39216E-03  7.38337E-03
  7.40609E-03  6.72471E-03  5.53981E-03  5.72525E-03  5.93690E-03  5.45460E-03
  5.94377E-03  5.23144E-03  5.06152E-03  5.67310E-03  4.70754E-03  5.31983E-03
  5.59668E-03  5.06590E-03  5.31236E-03  4.79465E-03  1.70897E-02  1.81781E-02
  2.09436E-02  2.18423E-02  2.20992E-02  2.02718E-02  1.60161E-02  1.25380E-02
  9.25315E-03  9.19660E-03  8.46347E-03  8.28445E-03  7.55751E-03  7.77255E-03
  7.64537E-03  8.03796E-03  8.25290E-03  7.02851E-03  6.49338E-03  6.08107E-03
  5.47569E-03  5.47411E-03  5.48449E-03  5.53566E-03  5.41414E-03  5.00603E-03
  5.47336E-03  5.88755E-03  5.39363E-03  5.41900E-03  5.05835E-03  4.05299E-03
  1.88460E-02  2.04428E-02  2.35593E-02  2.61945E-02  2.49301E-02  2.21958E-02
  1.85990E-02  1.33628E-02  1.00729E-02  8.94550E-03  8.13886E-03  8.30302E-03
  8.01072E-03  6.75121E-03  7.15812E-03  8.07047E-03  7.33971E-03  7.43281E-03
  6.21430E-03  6.16118E-03  5.99496E-03  5.40124E-03  5.56102E-03  5.86466E-03
  5.58046E-03  4.87950E-03  6.05935E-03  5.23894E-03  6.06336E-03  5.73765E-03
  4.73182E-03  4.20727E-03  1.92982E-02  2.29462E-02  2.44527E-02  2.93502E-02
  2.86206E-02  2.52520E-02  2.03852E-02  1.46266E-02  1.06944E-02  9.84639E-03
  8.41910E-03  8.61081E-03  7.73512E-03  6.97162E-03  8.25345E-03  8.19779E-03
  7.21340E-03  7.77469E-03  6.67207E-03  6.35743E-03  5.62315E-03  5.27154E-03
  6.04849E-03  5.87715E-03  5.48903E-03  5.08644E-03  6.19640E-03  5.14969E-03
  6.20666E-03  5.82711E-03  4.83095E-03  4.58821E-03  2.01801E-02  2.53565E-02
  2.80159E-02  3.28983E-02  3.37208E-02  2.91318E-02  2.16189E-02  1.57978E-02
  1.12649E-02  9.56349E-03  8.59793E-03  8.18477E-03  8.11541E-03  7.29522E-03
  8.76372E-03  8.35291E-03  7.75196E-03  7.73457E-03  6.86445E-03  6.95334E-03
  5.60593E-03  5.84868E-03  6.52084E-03  5.86122E-03  6.11359E-03  5.55898E-03
  5.58096E-03  5.35776E-03  5.02996E-03  5.33660E-03  4.54605E-03  4.20840E-03
  2.24862E-02  2.60109E-02  3.12486E-02  3.73107E-02  3.68516E-02  3.19452E-02
  2.43105E-02  1.67578E-02  1.16434E-02  8.85518E-03  8.94433E-03  7.85935E-03
  7.41001E-03  6.66213E-03  7.65627E-03  8.28706E-03  8.14876E-03  7.89670E-03
  8.04815E-03  7.30053E-03  5.28531E-03  5.96417E-03  6.05104E-03  5.97113E-03
  5.84953E-03  5.42262E-03  5.07685E-03  5.45052E-03  5.62260E-03  5.65736E-03
  5.46716E-03  4.05099E-03  2.28063E-02  2.88044E-02  3.57729E-02  4.12097E-02
  4.05128E-02  3.48322E-02  2.69313E-02  1.85964E-02  1.23231E-02  9.86376E-03
  8.97248E-03  8.33225E-03  6.67623E-03  6.62974E-03  7.56311E-03  7.47264E-03
  7.93130E-03  7.03975E-03  7.52124E-03  7.36225E-03  5.49823E-03  6.03679E-03
  6.05317E-03  5.83079E-03  5.91314E-03  5.65484E-03  5.34217E-03  5.70714E-03
  5.95797E-03  5.59867E-03  5.34849E-03  3.93750E-03  2.27993E-02  3.24577E-02
  4.08407E-02  4.78405E-02  4.62228E-02  3.82051E-02  2.85118E-02  2.03679E-02
  1.26425E-02  1.00785E-02  8.96960E-03  7.54322E-03  7.62624E-03  6.29204E-03
  7.33203E-03  7.03642E-03  8.00113E-03  7.07348E-03  7.20703E-03  6.29692E-03
  6.10946E-03  5.69243E-03  6.08207E-03  6.40017E-03  6.04020E-03  5.89301E-03
  5.53116E-03  5.66702E-03  5.92083E-03  5.54176E-03  5.18236E-03  4.19360E-03
  2.45361E-02  3.45422E-02  4.54494E-02  5.41093E-02  5.30481E-02  4.31612E-02
  3.06062E-02  2.15511E-02  1.29094E-02  1.06502E-02  8.56963E-03  7.35211E-03
  7.12511E-03  7.33239E-03  7.67936E-03  7.57354E-03  7.47040E-03  7.48741E-03
  7.15411E-03  7.14238E-03  6.39292E-03  6.15602E-03  6.20844E-03  6.05538E-03
  5.56982E-03  5.83189E-03  5.85986E-03  5.77911E-03  5.74610E-03  5.86195E-03
  5.22971E-03  4.35655E-03  2.62593E-02  3.75173E-02  4.95267E-02  6.06701E-02
  6.03376E-02  4.78110E-02  3.23594E-02  2.23543E-02  1.42923E-02  1.04288E-02
  9.05510E-03  7.48256E-03  7.36179E-03  7.06789E-03  7.18224E-03  7.26757E-03
  7.89814E-03  7.11382E-03  7.40489E-03  7.26964E-03  7.00569E-03  6.29889E-03
  5.48086E-03  6.25123E-03  5.68379E-03  5.42971E-03  5.78538E-03  5.63447E-03
  5.97760E-03  5.15181E-03  5.39579E-03  4.53180E-03  2.69627E-02  3.95408E-02
  5.49880E-02  6.78518E-02  6.63301E-02  5.49431E-02  3.77073E-02  2.50120E-02
  1.67921E-02  1.15908E-02  8.99012E-03  7.70747E-03  7.47067E-03  6.96833E-03
  7.11810E-03  7.78050E-03  7.96104E-03  7.31660E-03  6.39140E-03  7.11334E-03
  6.81722E-03  6.14247E-03  5.75355E-03  6.39412E-03  5.16838E-03  5.32816E-03
  5.28997E-03  5.57126E-03  5.53292E-03  5.04944E-03  4.36349E-03  4.54391E-03
  2.95066E-02  4.21236E-02  6.30134E-02  7.68907E-02  7.44960E-02  5.90699E-02
  4.22906E-02  2.71021E-02  1.73014E-02  1.21875E-02  8.51166E-03  7.65212E-03
  7.50228E-03  7.73695E-03  6.71447E-03  8.37427E-03  7.42543E-03  7.22570E-03
  6.25651E-03  6.02987E-03  6.99766E-03  6.01896E-03  6.22521E-03  6.54220E-03
  5.64768E-03  5.19137E-03  6.06776E-03  5.42894E-03  5.60859E-03  5.21734E-03
  4.64296E-03  4.17469E-03  3.07878E-02  4.71179E-02  6.89434E-02  8.81040E-02
  8.60985E-02  6.67697E-02  4.51434E-02  2.73596E-02  1.82314E-02  1.26666E-02
  9.20763E-03  8.28762E-03  7.33025E-03  7.90480E-03  6.98714E-03  6.87205E-03
  7.61510E-03  7.88897E-03  6.73552E-03  6.62472E-03  6.23917E-03  5.99626E-03
  6.21774E-03  6.40169E-03  6.63138E-03  5.72170E-03  6.09067E-03  5.05931E-03
  5.54245E-03  5.69628E-03  4.92858E-03  4.34192E-03  3.32240E-02  4.95695E-02
  7.79986E-02  9.99186E-02  9.98203E-02  7.54939E-02  4.90165E-02  3.00808E-02
  1.83260E-02  1.20746E-02  9.91344E-03  7.98626E-03  6.73821E-03  7.13729E-03
  7.45642E-03  7.13131E-03  8.41160E-03  7.66415E-03  6.94741E-03  7.26099E-03
  6.80927E-03  6.04638E-03  6.03525E-03  6.20378E-03  6.46732E-03  5.53597E-03
  5.98817E-03  5.55158E-03  5.40432E-03  6.22884E-03  5.21823E-03  5.38945E-03
  3.37571E-02  5.56110E-02  8.56889E-02  1.12372E-01  1.14837E-01  8.23063E-02
  5.16389E-02  3.25281E-02  1.96160E-02  1.31621E-02  1.10786E-02  8.63553E-03
  7.45798E-03  7.67809E-03  8.30085E-03  7.50906E-03  8.01439E-03  7.53464E-03
  6.95171E-03  7.56056E-03  6.59428E-03  5.84436E-03  5.87444E-03  6.30038E-03
  6.39981E-03  6.05373E-03  5.64057E-03  5.59319E-03  5.63785E-03  5.72246E-03
  5.57083E-03  4.95354E-03  3.40946E-02  5.81909E-02  9.50860E-02  1.30260E-01
  1.34880E-01  9.46129E-02  5.54839E-02  3.40298E-02  2.08517E-02  1.35418E-02
  1.10120E-02  8.62642E-03  6.91423E-03  7.66997E-03  7.75443E-03  7.59429E-03
  7.76371E-03  7.65070E-03  7.23067E-03  7.61036E-03  6.80567E-03  5.76167E-03
  6.44680E-03  6.30105E-03  6.09245E-03  5.67370E-03  5.15625E-03  6.13272E-03
  5.74324E-03  5.61407E-03  5.17285E-03  4.71895E-03  3.73645E-02  6.19837E-02
  1.03205E-01  1.54636E-01  1.56548E-01  1.05543E-01  5.98317E-02  3.24858E-02
  2.07973E-02  1.42644E-02  1.13776E-02  8.91961E-03  7.21945E-03  7.17400E-03
  7.88942E-03  8.03587E-03  7.93843E-03  7.14248E-03  7.32222E-03  7.07250E-03
  6.77991E-03  5.97892E-03  6.11909E-03  6.44265E-03  5.92210E-03  6.03741E-03
  5.33494E-03  5.91972E-03  5.38205E-03  5.73431E-03  4.66216E-03  4.26889E-03
  3.81217E-02  6.64514E-02  1.15392E-01  1.83231E-01  1.82795E-01  1.15656E-01
  6.21846E-02  3.49770E-02  2.23337E-02  1.50758E-02  1.15052E-02  9.43035E-03
  7.70855E-03  7.88085E-03  7.95864E-03  8.19467E-03  7.51783E-03  6.94589E-03
  7.46036E-03  7.62144E-03  6.97013E-03  6.69727E-03  6.13171E-03  6.08541E-03
  6.04215E-03  5.90070E-03  5.75007E-03  5.81993E-03  5.26815E-03  5.79254E-03
  4.83198E-03  4.26711E-03  3.97529E-02  7.10875E-02  1.26388E-01  2.12801E-01
  2.16275E-01  1.30492E-01  6.90810E-02  3.71471E-02  2.04402E-02  1.51658E-02
  1.16396E-02  9.23542E-03  7.95792E-03  8.34616E-03  8.54633E-03  8.31904E-03
  7.57899E-03  7.38103E-03  6.90294E-03  6.85403E-03  6.59003E-03  6.41209E-03
  6.74698E-03  6.05301E-03  6.36245E-03  5.67463E-03  5.53148E-03  5.80398E-03
  5.66634E-03  6.02115E-03  4.83988E-03  5.40372E-03  4.11737E-02  7.44986E-02
  1.41420E-01  2.56407E-01  2.54060E-01  1.43038E-01  6.92973E-02  3.66018E-02
  2.04062E-02  1.46217E-02  1.11141E-02  1.04418E-02  8.27681E-03  7.77791E-03
  8.06451E-03  8.45677E-03  8.53857E-03  8.41362E-03  7.91873E-03  7.45769E-03
  6.71205E-03  6.75243E-03  6.83495E-03  6.72259E-03  6.17209E-03  6.01339E-03
  6.49060E-03  6.53559E-03  5.75665E-03  5.86483E-03  5.56105E-03  5.43046E-03
  3.88763E-02  7.72835E-02  1.55454E-01  3.01790E-01  3.01581E-01  1.54308E-01
  7.51088E-02  3.74986E-02  1.88574E-02  1.33794E-02  1.17067E-02  9.84536E-03
  8.58690E-03  7.93036E-03  7.74802E-03  8.11916E-03  8.22914E-03  8.36466E-03
  7.83395E-03  7.75376E-03  6.89838E-03  6.73304E-03  6.24945E-03  6.56152E-03
  5.76604E-03  5.72266E-03  6.87906E-03  6.73650E-03  6.76728E-03  5.56141E-03
  5.40434E-03  4.67712E-03  3.98836E-02  7.88128E-02  1.64445E-01  3.59692E-01
  3.57018E-01  1.64585E-01  7.69810E-02  3.71572E-02  1.80498E-02  1.38941E-02
  1.21546E-02  1.08659E-02  9.23511E-03  7.83948E-03  7.76056E-03  7.70701E-03
  8.17502E-03  7.88801E-03  7.22832E-03  7.54219E-03  7.16360E-03  6.77396E-03
  6.81482E-03  6.39695E-03  5.73376E-03  6.05514E-03  6.26095E-03  6.56036E-03
  6.36183E-03  5.22104E-03  5.53292E-03  5.02213E-03  4.20061E-02  8.04493E-02
  1.71938E-01  4.24275E-01  4.25207E-01  1.73563E-01  7.89555E-02  3.82173E-02
  1.84684E-02  1.43762E-02  1.12432E-02  1.00097E-02  8.91723E-03  7.88491E-03
  7.70788E-03  7.02683E-03  7.62216E-03  7.73310E-03  6.88949E-03  8.14607E-03
  6.25843E-03  7.66197E-03  6.58208E-03  6.58994E-03  5.96957E-03  5.92246E-03
  6.34107E-03  6.79356E-03  5.46193E-03  5.04641E-03  5.65121E-03  4.95440E-03
  4.14156E-02  8.11395E-02  1.77596E-01  4.98335E-01  5.00000E-01  1.77120E-01
  7.89430E-02  3.66553E-02  1.93428E-02  1.44533E-02  1.17005E-02  9.57036E-03
  9.18788E-03  7.62598E-03  7.50898E-03  7.96887E-03  7.90290E-03  8.28255E-03
  7.76750E-03  7.04744E-03  6.95387E-03  6.82957E-03  6.54266E-03  6.08782E-03
  5.92580E-03  6.27760E-03  7.08225E-03  5.59651E-03  5.98182E-03  5.58858E-03
  5.42260E-03  5.13110E-03  4.23509E-02  8.12875E-02  1.75237E-01  4.93989E-01
  4.99649E-01  1.77038E-01  7.98468E-02  3.80578E-02  1.95230E-02  1.47001E-02
  1.24863E-02  1.05184E-02  9.56354E-03  7.33277E-03  7.24905E-03  8.26028E-03
  7.92238E-03  8.55961E-03  6.62998E-03  7.19134E-03  6.54400E-03  6.94323E-03
  6.70919E-03  5.90670E-03  6.07580E-03  6.60394E-03  6.42086E-03  5.99477E-03
  6.41720E-03  5.64030E-03  5.26342E-03  4.81019E-03  4.17928E-02  8.04611E-02
  1.73117E-01  4.18723E-01  4.23886E-01  1.73231E-01  8.03811E-02  3.90010E-02
  1.87350E-02  1.49140E-02  1.20251E-02  1.00549E-02  9.18231E-03  7.92692E-03
  8.20858E-03  8.00181E-03  8.31435E-03  7.81502E-03  7.54034E-03  7.50195E-03
  6.58539E-03  6.86854E-03  6.38047E-03  6.15830E-03  6.10586E-03  6.49780E-03
  7.06750E-03  6.37524E-03  5.96856E-03  6.09389E-03  4.92015E-03  5.45374E-03
  4.17207E-02  7.94792E-02  1.63201E-01  3.50770E-01  3.55250E-01  1.60796E-01
  7.75523E-02  3.95865E-02  1.87483E-02  1.42820E-02  1.17078E-02  9.70535E-03
  8.65136E-03  7.19918E-03  8.31327E-03  8.11393E-03  7.82653E-03  8.32123E-03
  7.14402E-03  8.08433E-03  7.34111E-03  6.85763E-03  6.78359E-03  6.65756E-03
  6.41766E-03  6.45451E-03  7.34481E-03  6.54578E-03  5.80105E-03  6.47376E-03
  5.62414E-03  5.79511E-03  3.97988E-02  7.67605E-02  1.53305E-01  2.97173E-01
  2.98710E-01  1.52219E-01  7.53005E-02  3.67024E-02  1.88002E-02  1.43941E-02
  1.09724E-02  1.04031E-02  8.04363E-03  7.45933E-03  7.52808E-03  8.39423E-03
  8.39563E-03  8.07049E-03  7.04028E-03  7.29047E-03  6.71106E-03  6.64555E-03
  6.67335E-03  6.13039E-03  6.52152E-03  5.64107E-03  6.34893E-03  6.34475E-03
  5.75110E-03  5.55473E-03  5.46255E-03  4.85091E-03  3.95163E-02  7.45248E-02
  1.42454E-01  2.50228E-01  2.53510E-01  1.40281E-01  6.90366E-02  3.61016E-02
  1.91651E-02  1.45020E-02  1.09809E-02  1.00433E-02  8.40223E-03  7.28088E-03
  7.29702E-03  7.95112E-03  8.38477E-03  8.48524E-03  7.98470E-03  6.86738E-03
  7.63987E-03  6.95603E-03  6.65787E-03  6.82662E-03  6.67462E-03  6.00160E-03
  6.43465E-03  6.00378E-03  5.74574E-03  5.65169E-03  5.54911E-03  4.94121E-03
  3.81477E-02  7.05684E-02  1.27486E-01  2.12214E-01  2.13995E-01  1.27055E-01
  6.79248E-02  3.66306E-02  1.90555E-02  1.35499E-02  1.13381E-02  8.72160E-03
  8.05154E-03  8.63293E-03  7.17076E-03  8.27693E-03  7.98184E-03  7.55648E-03
  7.83150E-03  7.33347E-03  7.21176E-03  6.41024E-03  6.36231E-03  6.21127E-03
  6.38915E-03  5.82814E-03  6.65737E-03  5.91953E-03  5.67461E-03  5.50611E-03
  5.37921E-03  4.48933E-03  3.76235E-02  6.74698E-02  1.18340E-01  1.82046E-01
  1.83729E-01  1.15894E-01  6.49543E-02  3.58505E-02  1.92070E-02  1.42436E-02
  1.09392E-02  8.77907E-03  7.78069E-03  8.26801E-03  7.85368E-03  8.32632E-03
  8.76566E-03  8.11779E-03  6.96533E-03  6.87911E-03  6.69377E-03  5.92095E-03
  5.88873E-03  6.04296E-03  6.70760E-03  6.38641E-03  5.61928E-03  5.93322E-03
  5.29215E-03  5.63677E-03  4.77908E-03  3.90082E-03  3.64742E-02  6.30573E-02
  1.05547E-01  1.55753E-01  1.58536E-01  1.07062E-01  6.05140E-02  3.30657E-02
  1.90692E-02  1.42552E-02  1.11824E-02  8.35587E-03  7.22291E-03  7.73884E-03
  7.77058E-03  7.85396E-03  8.72559E-03  7.87484E-03  7.53580E-03  7.25167E-03
  6.76468E-03  6.06939E-03  6.10365E-03  6.27128E-03  6.27811E-03  5.96193E-03
  6.10571E-03  5.69782E-03  4.82136E-03  5.71622E-03  5.01674E-03  4.41961E-03
  3.53662E-02  5.86978E-02  9.53137E-02  1.33004E-01  1.34322E-01  9.55153E-02
  5.54752E-02  3.36303E-02  2.04382E-02  1.34018E-02  1.09894E-02  8.03460E-03
  7.50639E-03  7.51706E-03  7.20307E-03  8.09048E-03  8.90281E-03  7.64712E-03
  7.11466E-03  7.50416E-03  7.24862E-03  6.01385E-03  5.76403E-03  6.40973E-03
  5.89255E-03  5.85938E-03  6.10406E-03  5.68083E-03  5.40905E-03  5.55641E-03
  5.45525E-03  4.89470E-03  3.39181E-02  5.54774E-02  8.70015E-02  1.15294E-01
  1.15237E-01  8.31229E-02  5.28634E-02  3.12036E-02  2.06112E-02  1.34240E-02
  1.17577E-02  8.08219E-03  7.24158E-03  7.32710E-03  8.19561E-03  8.96218E-03
  8.38100E-03  7.98170E-03  6.62335E-03  6.46102E-03  6.45492E-03  6.35347E-03
  5.65292E-03  6.09284E-03  5.41686E-03  5.80921E-03  6.41242E-03  5.81853E-03
  5.38558E-03  5.26248E-03  5.43903E-03  4.46182E-03  3.27926E-02  5.14851E-02
  7.73666E-02  1.00720E-01  9.79758E-02  7.49995E-02  4.84255E-02  3.05829E-02
  1.93284E-02  1.30226E-02  1.20272E-02  8.10638E-03  7.54711E-03  7.37383E-03
  8.36293E-03  8.75524E-03  8.33516E-03  7.65075E-03  7.13167E-03  6.53346E-03
  6.64065E-03  6.47325E-03  6.17529E-03  5.71331E-03  5.59908E-03  5.93541E-03
  5.12812E-03  5.63929E-03  5.79148E-03  5.47401E-03  5.13059E-03  4.06449E-03
  3.03325E-02  4.73211E-02  6.83798E-02  8.76095E-02  8.67730E-02  6.75656E-02
  4.64973E-02  2.89089E-02  1.83902E-02  1.23610E-02  1.06946E-02  8.31306E-03
  6.67361E-03  7.51554E-03  8.42393E-03  9.05359E-03  8.77225E-03  7.63326E-03
  7.29815E-03  7.05316E-03  7.14017E-03  6.04765E-03  6.23828E-03  6.12529E-03
  6.37975E-03  5.32482E-03  4.86114E-03  5.12653E-03  5.40804E-03  4.64330E-03
  5.23438E-03  4.66348E-03  2.84476E-02  4.41918E-02  6.10862E-02  7.56546E-02
  7.51607E-02  6.04419E-02  4.15100E-02  2.68529E-02  1.71493E-02  1.16754E-02
  9.96605E-03  7.73308E-03  6.69968E-03  7.54632E-03  8.34318E-03  8.26624E-03
  8.98985E-03  8.00044E-03  7.01503E-03  6.41329E-03  6.48555E-03  5.96943E-03
  7.13419E-03  6.64372E-03  6.09363E-03  4.91902E-03  5.52802E-03  5.58555E-03
  5.42572E-03  4.91390E-03  5.03241E-03  4.92634E-03  2.74634E-02  4.02872E-02
  5.47961E-02  6.64939E-02  6.55654E-02  5.33965E-02  3.78664E-02  2.52657E-02
  1.67338E-02  1.09134E-02  9.31545E-03  7.78456E-03  6.90265E-03  7.59381E-03
  7.62805E-03  7.96238E-03  8.61989E-03  8.00224E-03  6.47111E-03  6.16575E-03
  6.26225E-03  5.93219E-03  6.17911E-03  6.01144E-03  5.89752E-03  5.68869E-03
  5.86142E-03  5.07861E-03  5.41823E-03  5.04850E-03  4.88512E-03  4.83056E-03
  2.71011E-02  3.69950E-02  5.03085E-02  5.99203E-02  5.72386E-02  4.71186E-02
  3.40367E-02  2.32781E-02  1.49932E-02  1.13076E-02  8.72876E-03  6.98462E-03
  6.60173E-03  7.25400E-03  7.13825E-03  7.71504E-03  8.38424E-03  7.60249E-03
  7.30370E-03  6.64543E-03  6.17094E-03  5.84213E-03  6.11395E-03  5.81452E-03
  5.53736E-03  6.06759E-03  5.94848E-03  4.99793E-03  5.02969E-03  5.55644E-03
  4.69603E-03  4.73793E-03  2.53688E-02  3.41672E-02  4.46379E-02  5.48501E-02
  5.16891E-02  4.27657E-02  3.20166E-02  2.14767E-02  1.34984E-02  1.03270E-02
  8.76107E-03  7.16006E-03  7.10094E-03  7.69990E-03  7.46992E-03  7.75638E-03
  8.26662E-03  7.79107E-03  7.11718E-03  7.09818E-03  6.36767E-03  5.86891E-03
  5.60535E-03  6.80142E-03  5.57049E-03  5.68549E-03  5.86432E-03  5.16855E-03
  5.64004E-03  5.16483E-03  4.82492E-03  5.15846E-03  2.29055E-02  3.22054E-02
  3.99187E-02  4.84034E-02  4.81749E-02  3.96691E-02  2.89509E-02  1.93631E-02
  1.25295E-02  1.04536E-02  8.45662E-03  7.80866E-03  7.50120E-03  7.36294E-03
  7.82189E-03  7.68681E-03  8.69571E-03  7.74519E-03  7.19031E-03  6.44651E-03
  6.70818E-03  5.48242E-03  5.70971E-03  6.69204E-03  5.83492E-03  5.52194E-03
  5.17069E-03  6.22790E-03  5.81858E-03  4.64733E-03  4.82681E-03  5.00281E-03
  2.35536E-02  2.92366E-02  3.61431E-02  4.20359E-02  4.16965E-02  3.51368E-02
  2.69260E-02  1.81813E-02  1.16817E-02  9.51907E-03  8.47661E-03  7.57385E-03
  7.43425E-03  7.37167E-03  7.65880E-03  7.24470E-03  8.17009E-03  7.67631E-03
  7.07509E-03  6.87680E-03  6.40733E-03  6.19165E-03  6.10980E-03  6.20635E-03
  5.44869E-03  5.32617E-03  5.00658E-03  5.46690E-03  5.47461E-03  5.02525E-03
  5.08411E-03  5.09167E-03  2.15018E-02  2.64561E-02  3.13350E-02  3.75471E-02
  3.57136E-02  3.25518E-02  2.44732E-02  1.66887E-02  1.22120E-02  9.51801E-03
  8.84482E-03  8.19527E-03  7.01427E-03  8.19500E-03  7.46668E-03  8.06451E-03
  8.56201E-03  7.60566E-03  6.91305E-03  6.86323E-03  6.79015E-03  6.28443E-03
  5.88628E-03  5.79792E-03  5.80876E-03  5.56708E-03  4.94587E-03  5.17239E-03
  5.18270E-03  5.18722E-03  4.83501E-03  5.30176E-03  1.98306E-02  2.52955E-02
  2.96438E-02  3.30580E-02  3.10112E-02  2.71016E-02  2.12201E-02  1.54962E-02
  1.17946E-02  9.56781E-03  8.64511E-03  8.26525E-03  7.52383E-03  8.17804E-03
  7.34562E-03  8.45886E-03  7.99138E-03  6.85593E-03  7.56006E-03  6.51320E-03
  6.40036E-03  5.88227E-03  5.95715E-03  5.89363E-03  6.05560E-03  5.84210E-03
  5.34522E-03  5.10102E-03  4.86496E-03  4.77507E-03  4.93360E-03  4.72668E-03
  1.95080E-02  2.40386E-02  2.79222E-02  3.06014E-02  2.90218E-02  2.57825E-02
  1.95251E-02  1.42847E-02  1.07722E-02  1.00775E-02  8.91139E-03  8.23452E-03
  7.41815E-03  7.20131E-03  7.17695E-03  7.84666E-03  8.20505E-03  7.67374E-03
  6.73211E-03  7.00430E-03  5.98581E-03  5.77171E-03  5.75504E-03  5.89346E-03
  5.17593E-03  5.45201E-03  5.03356E-03  5.11673E-03  4.99649E-03  4.78689E-03
  4.48666E-03  4.59136E-03  1.83055E-02  2.23801E-02  2.46469E-02  2.69332E-02
  2.60261E-02  2.36050E-02  1.83024E-02  1.41796E-02  1.04197E-02  1.00946E-02
  8.62688E-03  7.74336E-03  7.39444E-03  7.12787E-03  8.08587E-03  8.45525E-03
  8.06619E-03  7.26692E-03  6.91637E-03  6.84300E-03  6.11739E-03  6.06841E-03
  5.40569E-03  6.23671E-03  5.18760E-03  5.14943E-03  5.25689E-03  5.53056E-03
  5.55735E-03  5.92880E-03  5.04341E-03  4.78970E-03  1.80666E-02  1.93286E-02
  2.35129E-02  2.37853E-02  2.21493E-02  2.07291E-02  1.69124E-02  1.31938E-02
  1.00266E-02  9.56279E-03  8.78647E-03  7.42531E-03  7.00384E-03  8.19174E-03
  8.15592E-03  8.18479E-03  7.50978E-03  7.01340E-03  6.38509E-03  6.84737E-03
  5.99633E-03  5.80268E-03  5.83052E-03  6.02879E-03  5.50563E-03  5.39903E-03
  5.82180E-03  5.62459E-03  5.52336E-03  5.07397E-03  4.87032E-03  4.61853E-03
  1.63754E-02  1.67656E-02  1.97820E-02  2.07574E-02  1.91462E-02  1.79541E-02
  1.52060E-02  1.12417E-02  8.74757E-03  8.83975E-03  8.01793E-03  7.57327E-03
  7.36381E-03  7.68837E-03  7.40174E-03  7.66394E-03  8.11397E-03  6.70801E-03
  6.05716E-03  6.93763E-03  5.94442E-03  6.23484E-03  5.47226E-03  5.84926E-03
  4.74456E-03  5.53647E-03  5.49376E-03  5.10313E-03  5.16365E-03  4.81528E-03
  4.75460E-03  4.52705E-03  1.40148E-02  1.43542E-02  1.65516E-02  1.79963E-02
  1.63852E-02  1.54653E-02  1.35452E-02  1.04280E-02  8.58645E-03  8.57585E-03
  8.27476E-03  8.70224E-03  8.39628E-03  6.95630E-03  6.96518E-03  7.50123E-03
  6.94839E-03  6.69922E-03  6.13730E-03  6.20123E-03  5.74216E-03  5.90194E-03
  5.87473E-03  5.44093E-03  4.84070E-03  5.45179E-03  5.32922E-03  5.74406E-03
  5.01348E-03  4.42569E-03  4.71402E-03  4.30598E-03  1.31115E-02  1.40203E-02
  1.59187E-02  1.67050E-02  1.73025E-02  1.46802E-02  1.31595E-02  1.03879E-02
  8.81119E-03  8.96285E-03  8.20164E-03  8.12908E-03  7.86523E-03  7.90355E-03
  7.45255E-03  7.17647E-03  7.33580E-03  7.27728E-03  5.56006E-03  5.47005E-03
  5.45847E-03  5.66224E-03  5.71259E-03  5.26741E-03  5.36478E-03  5.88782E-03
  5.43307E-03  4.68702E-03  5.42668E-03  5.65678E-03  5.33246E-03  4.83003E-03
  1.54779E-02  1.76112E-02  1.80925E-02  2.05894E-02  2.02980E-02  1.72292E-02
  1.55853E-02  1.10794E-02  9.86532E-03  8.40637E-03  9.47936E-03  8.41706E-03
  8.33900E-03  8.02098E-03  7.88772E-03  7.83016E-03  7.60188E-03  6.99682E-03
  6.17589E-03  6.08933E-03  5.70896E-03  5.28742E-03  5.38066E-03  5.92184E-03
  5.44312E-03  5.38085E-03  5.03469E-03  4.90376E-03  5.33777E-03  5.18863E-03
  4.93824E-03  4.39727E-03  1.65987E-02  1.89345E-02  2.05785E-02  2.37733E-02
  2.32770E-02  2.02984E-02  1.65839E-02  1.28273E-02  9.98561E-03  8.84285E-03
  8.77357E-03  8.15404E-03  7.98155E-03  7.48981E-03  7.76006E-03  7.79823E-03
  7.51413E-03  7.42209E-03  5.85274E-03  6.82059E-03  6.26780E-03  5.44883E-03
  5.50841E-03  5.68758E-03  4.97982E-03  5.62574E-03  5.22402E-03  5.10340E-03
  5.18818E-03  5.33314E-03  4.82523E-03  4.69005E-03  1.83081E-02  2.10108E-02
  2.30372E-02  2.57683E-02  2.62351E-02  2.30885E-02  1.99331E-02  1.43189E-02
  1.03646E-02  9.86741E-03  9.02879E-03  7.79700E-03  8.04844E-03  7.45784E-03
  7.64933E-03  7.61964E-03  7.63117E-03  7.51576E-03  6.16179E-03  6.08217E-03
  5.66726E-03  5.49494E-03  5.54560E-03  5.64573E-03  5.03327E-03  6.02651E-03
  5.09780E-03  5.41931E-03  5.41323E-03  4.83022E-03  4.84904E-03  4.50972E-03
  1.89609E-02  2.28200E-02  2.59494E-02  2.92101E-02  2.98182E-02  2.50682E-02
  2.06121E-02  1.51038E-02  1.08059E-02  1.01476E-02  8.99913E-03  7.88099E-03
  7.55775E-03  7.68979E-03  7.20737E-03  7.87688E-03  7.60506E-03  8.33542E-03
  7.34490E-03  6.09649E-03  5.83554E-03  5.94118E-03  6.24464E-03  5.70435E-03
  4.96360E-03  5.52314E-03  5.42868E-03  5.73020E-03  5.88936E-03  5.03613E-03
  4.87030E-03  4.28666E-03  2.15111E-02  2.60799E-02  2.94360E-02  3.27133E-02
  3.45852E-02  3.00760E-02  2.25659E-02  1.58470E-02  1.13927E-02  1.01480E-02
  8.60670E-03  8.12137E-03  7.91184E-03  8.20457E-03  7.84203E-03  8.44348E-03
  7.89447E-03  7.68513E-03  7.06733E-03  6.44185E-03  5.62325E-03  6.03859E-03
  6.65857E-03  6.10014E-03  5.18042E-03  5.73027E-03  5.02172E-03  5.26722E-03
  5.25643E-03  5.35848E-03  5.32252E-03  4.67679E-03  2.26871E-02  2.73779E-02
  3.25381E-02  3.50344E-02  3.78258E-02  3.34080E-02  2.47864E-02  1.73809E-02
  1.19294E-02  1.06443E-02  8.94935E-03  8.69141E-03  8.07787E-03  7.37155E-03
  7.74766E-03  8.11361E-03  8.23916E-03  7.78800E-03  7.44124E-03  7.26411E-03
  6.45583E-03  6.15631E-03  5.86329E-03  6.01613E-03  5.56533E-03  5.68972E-03
  5.48064E-03  5.64472E-03  6.01385E-03  5.05055E-03  4.55585E-03  4.52270E-03
  2.32639E-02  2.86136E-02  3.70666E-02  4.03105E-02  4.03252E-02  3.53266E-02
  2.62387E-02  1.87375E-02  1.31340E-02  1.08997E-02  8.24022E-03  7.48924E-03
  8.06434E-03  7.98237E-03  7.50408E-03  8.19743E-03  8.35070E-03  7.75946E-03
  6.68072E-03  6.79812E-03  6.90114E-03  6.44329E-03  5.53429E-03  6.41624E-03
  5.75888E-03  6.02399E-03  5.63665E-03  5.80960E-03  5.15920E-03  4.88661E-03
  4.47297E-03  4.59085E-03  2.44395E-02  3.10278E-02  4.18392E-02  4.58754E-02
  4.51463E-02  3.82680E-02  2.93120E-02  1.95935E-02  1.22080E-02  1.04740E-02
  8.42695E-03  7.80570E-03  7.81656E-03  7.68933E-03  7.92805E-03  8.19140E-03
  8.26323E-03  7.19629E-03  6.98260E-03  6.87908E-03  6.64012E-03  5.96895E-03
  5.66685E-03  6.64276E-03  6.09526E-03  5.89921E-03  5.29657E-03  5.40470E-03
  5.23483E-03  4.68615E-03  4.99178E-03  4.10046E-03  2.54882E-02  3.32454E-02
  4.40318E-02  5.21708E-02  5.17506E-02  4.37123E-02  3.19863E-02  2.11409E-02
  1.25713E-02  1.03163E-02  8.94092E-03  7.28415E-03  7.35929E-03  7.50706E-03
  8.08709E-03  9.09421E-03  7.67826E-03  7.41988E-03  6.73758E-03  6.76247E-03
  6.36709E-03  5.97988E-03  5.65325E-03  6.61730E-03  6.11066E-03  6.03842E-03
  5.51646E-03  5.53996E-03  5.06371E-03  4.53584E-03  5.34018E-03  4.76786E-03
  2.56369E-02  3.48884E-02  4.80577E-02  5.77719E-02  5.90331E-02  4.84586E-02
  3.35531E-02  2.34800E-02  1.40896E-02  1.09917E-02  8.81148E-03  7.37779E-03
  7.22195E-03  7.50514E-03  7.81341E-03  8.24336E-03  8.22388E-03  6.87099E-03
  6.47150E-03  7.12665E-03  6.53331E-03  5.57606E-03  5.58469E-03  6.02151E-03
  5.70855E-03  6.01553E-03  5.41837E-03  6.10977E-03  5.43747E-03  4.48645E-03
  5.09549E-03  4.76044E-03  2.80580E-02  3.95961E-02  5.35589E-02  6.59676E-02
  6.66780E-02  5.38080E-02  3.63272E-02  2.51948E-02  1.58368E-02  1.11701E-02
  9.15756E-03  7.35019E-03  6.87233E-03  7.34159E-03  7.12019E-03  7.54175E-03
  8.01848E-03  7.35048E-03  6.98652E-03  7.38437E-03  6.62071E-03  6.33836E-03
  5.44336E-03  5.81933E-03  5.55382E-03  6.10867E-03  5.56960E-03  5.76799E-03
  5.52979E-03  4.96418E-03  4.98856E-03  4.51273E-03  3.09593E-02  4.30872E-02
  6.16500E-02  7.48025E-02  7.42288E-02  6.10819E-02  4.17945E-02  2.68871E-02
  1.67273E-02  1.27448E-02  9.94763E-03  7.68157E-03  7.44117E-03  7.11649E-03
  6.96012E-03  7.41224E-03  7.71833E-03  7.44624E-03  6.72418E-03  7.01974E-03
  6.80778E-03  6.60615E-03  5.82709E-03  5.26753E-03  5.46383E-03  5.42234E-03
  5.32031E-03  5.43954E-03  5.26068E-03  4.79779E-03  4.36842E-03  4.42410E-03
  3.12733E-02  4.64654E-02  6.61225E-02  8.68850E-02  8.46856E-02  6.81155E-02
  4.37959E-02  2.74860E-02  1.79399E-02  1.32049E-02  1.03808E-02  7.83530E-03
  7.33056E-03  6.66880E-03  7.27031E-03  7.45575E-03  7.69385E-03  7.58538E-03
  6.56706E-03  7.30339E-03  5.94754E-03  6.00121E-03  5.97029E-03  5.59970E-03
  5.62320E-03  5.48302E-03  5.46176E-03  5.58483E-03  5.51663E-03  4.62581E-03
  4.66631E-03  5.02491E-03  3.11510E-02  5.02796E-02  7.55247E-02  1.00899E-01
  1.01745E-01  7.67619E-02  4.78938E-02  3.11210E-02  1.92725E-02  1.37517E-02
  1.12420E-02  8.32584E-03  7.12915E-03  6.60356E-03  6.97400E-03  7.47247E-03
  7.52868E-03  7.74223E-03  6.72970E-03  7.52424E-03  6.25613E-03  6.13183E-03
  5.69251E-03  6.06483E-03  5.67521E-03  5.44951E-03  6.20791E-03  5.73436E-03
  5.99367E-03  5.59552E-03  4.68097E-03  4.90861E-03  3.31750E-02  5.47617E-02
  8.59116E-02  1.17546E-01  1.16310E-01  8.46008E-02  5.12504E-02  3.24891E-02
  1.97024E-02  1.39945E-02  1.13796E-02  8.62157E-03  7.32955E-03  7.73248E-03
  7.58725E-03  7.60582E-03  7.60246E-03  7.42911E-03  7.47677E-03  7.87424E-03
  6.71798E-03  5.48876E-03  5.71509E-03  6.37819E-03  6.14309E-03  5.51562E-03
  5.78538E-03  5.38933E-03  6.45519E-03  5.54097E-03  4.78669E-03  4.67167E-03
  3.45400E-02  6.07064E-02  9.59719E-02  1.33607E-01  1.34021E-01  9.34413E-02
  5.43113E-02  3.21576E-02  2.07693E-02  1.43285E-02  1.15311E-02  8.93133E-03
  7.20963E-03  7.81370E-03  7.26872E-03  7.20045E-03  7.31230E-03  7.95825E-03
  6.74890E-03  7.79326E-03  6.52003E-03  5.52050E-03  6.22297E-03  6.32183E-03
  5.49155E-03  5.61294E-03  5.98574E-03  5.76042E-03  6.33130E-03  5.52151E-03
  5.38930E-03  4.75275E-03  3.58702E-02  6.52106E-02  1.05440E-01  1.54427E-01
  1.57377E-01  1.05101E-01  5.94074E-02  3.38510E-02  2.09780E-02  1.39422E-02
  1.09292E-02  8.56163E-03  7.58689E-03  7.49832E-03  7.12153E-03  7.83114E-03
  8.15549E-03  7.67208E-03  7.42658E-03  7.21304E-03  6.48695E-03  5.86536E-03
  6.70688E-03  6.01469E-03  5.16934E-03  5.67737E-03  5.55346E-03  5.70670E-03
  5.87797E-03  5.50085E-03  5.52886E-03  4.70014E-03  3.60610E-02  6.55094E-02
  1.17301E-01  1.84037E-01  1.83623E-01  1.16122E-01  6.65960E-02  3.55474E-02
  2.12252E-02  1.39914E-02  1.07330E-02  9.63126E-03  7.81248E-03  7.89999E-03
  7.28559E-03  7.93966E-03  8.35680E-03  7.36866E-03  7.71297E-03  7.16064E-03
  7.14121E-03  5.68544E-03  6.15194E-03  6.27900E-03  6.28611E-03  5.59401E-03
  5.53167E-03  5.84143E-03  5.93904E-03  5.82127E-03  5.33503E-03  4.28482E-03
  3.71961E-02  7.07274E-02  1.28938E-01  2.17611E-01  2.13890E-01  1.29272E-01
  6.78558E-02  3.52973E-02  2.04433E-02  1.36119E-02  1.13820E-02  9.88435E-03
  8.39505E-03  8.20015E-03  7.61193E-03  7.92697E-03  8.74154E-03  7.60477E-03
  7.48412E-03  7.45705E-03  6.34031E-03  6.64120E-03  6.37329E-03  6.82323E-03
  5.68179E-03  4.90830E-03  5.77714E-03  5.88739E-03  5.98295E-03  5.69203E-03
  4.60426E-03  4.63832E-03  3.99581E-02  7.43136E-02  1.38532E-01  2.56395E-01
  2.48467E-01  1.38429E-01  7.22166E-02  3.61424E-02  2.06999E-02  1.43447E-02
  1.12750E-02  9.86974E-03  8.19049E-03  8.01267E-03  7.76272E-03  7.39019E-03
  8.85633E-03  7.32698E-03  7.84928E-03  7.39658E-03  7.82365E-03  6.75231E-03
  6.59085E-03  6.34458E-03  6.01661E-03  5.80881E-03  6.47676E-03  6.55003E-03
  5.63408E-03  5.49126E-03  4.96440E-03  4.73747E-03  4.08011E-02  7.79436E-02
  1.50867E-01  3.00022E-01  2.96423E-01  1.52078E-01  7.58043E-02  3.83819E-02
  1.90983E-02  1.40662E-02  1.18812E-02  9.72762E-03  9.65978E-03  8.79171E-03
  8.40963E-03  8.01444E-03  8.03611E-03  7.62257E-03  7.88296E-03  7.83741E-03
  6.86441E-03  6.95425E-03  7.00910E-03  7.17645E-03  6.59697E-03  6.20748E-03
  6.78647E-03  6.00313E-03  5.61277E-03  6.07150E-03  5.46431E-03  4.82729E-03
  4.35206E-02  8.18693E-02  1.61922E-01  3.59243E-01  3.52163E-01  1.64603E-01
  7.67950E-02  3.81940E-02  1.77047E-02  1.39749E-02  1.18054E-02  9.82266E-03
  9.77651E-03  8.69758E-03  8.44168E-03  7.82295E-03  8.51039E-03  8.07936E-03
  7.51163E-03  7.65366E-03  6.61569E-03  7.12992E-03  7.05241E-03  6.79286E-03
  6.21346E-03  5.79035E-03  6.75313E-03  5.84020E-03  5.63374E-03  5.23829E-03
  5.68475E-03  4.77509E-03  4.25214E-02  8.44644E-02  1.70820E-01  4.23129E-01
  4.17210E-01  1.73642E-01  7.97687E-02  3.82644E-02  1.86678E-02  1.31719E-02
  1.18266E-02  1.01214E-02  8.94906E-03  8.88903E-03  8.35925E-03  6.94544E-03
  8.28697E-03  8.32329E-03  7.05153E-03  6.90748E-03  6.80564E-03  7.33537E-03
  6.23090E-03  6.95031E-03  6.28774E-03  5.72962E-03  6.71839E-03  5.68198E-03
  5.60110E-03  5.26018E-03  5.40526E-03  5.36122E-03  4.08419E-02  8.36041E-02
  1.74179E-01  4.96308E-01  4.89293E-01  1.77234E-01  8.13917E-02  3.85616E-02
  1.80748E-02  1.42247E-02  1.18621E-02  1.03815E-02  9.49622E-03  8.26943E-03
  7.60592E-03  7.24602E-03  8.19404E-03  8.24051E-03  7.14258E-03  7.27461E-03
  6.71560E-03  7.04691E-03  7.05302E-03  5.97435E-03  5.60609E-03  5.96003E-03
  6.65528E-03  5.76150E-03  5.72962E-03  5.08884E-03  6.19107E-03  5.96287E-03
  4.14228E-02  8.16658E-02  1.78128E-01  4.97228E-01  4.91320E-01  1.76351E-01
  8.01127E-02  3.82171E-02  1.89662E-02  1.47721E-02  1.22835E-02  1.01422E-02
  8.51971E-03  8.30835E-03  7.64227E-03  6.79923E-03  7.77543E-03  7.98437E-03
  7.28316E-03  7.41006E-03  6.58660E-03  7.44580E-03  7.34498E-03  5.83523E-03
  6.55279E-03  6.53961E-03  6.36476E-03  5.79763E-03  5.49049E-03  5.68388E-03
  5.42779E-03  5.56674E-03  4.29630E-02  8.09021E-02  1.70637E-01  4.20965E-01
  4.21455E-01  1.68626E-01  7.91282E-02  4.03367E-02  1.92737E-02  1.44198E-02
  1.14532E-02  9.56303E-03  7.77279E-03  8.34124E-03  8.64360E-03  7.94811E-03
  7.80861E-03  8.39306E-03  7.05977E-03  7.63316E-03  6.98123E-03  7.01527E-03
  7.58428E-03  6.31114E-03  6.53473E-03  7.09645E-03  6.17896E-03  6.38465E-03
  5.75223E-03  5.41203E-03  5.31500E-03  5.92402E-03  4.42790E-02  8.05752E-02
  1.61214E-01  3.54332E-01  3.57922E-01  1.61171E-01  7.80457E-02  3.98010E-02
  1.89044E-02  1.46295E-02  1.15697E-02  1.05180E-02  7.58180E-03  8.11700E-03
  8.05735E-03  7.33505E-03  7.53565E-03  8.36543E-03  7.11817E-03  7.38618E-03
  6.72322E-03  6.55106E-03  6.50943E-03  6.40421E-03  6.77713E-03  6.53427E-03
  6.70722E-03  6.18180E-03  5.73051E-03  5.17110E-03  5.13533E-03  5.42964E-03
  4.26860E-02  7.73776E-02  1.54361E-01  2.98557E-01  3.00596E-01  1.51557E-01
  7.49777E-02  3.78752E-02  1.88583E-02  1.44466E-02  1.15811E-02  1.06888E-02
  8.51817E-03  8.40180E-03  8.22684E-03  7.43406E-03  7.70314E-03  7.73997E-03
  7.09768E-03  6.82157E-03  7.18221E-03  6.81573E-03  6.33072E-03  5.69018E-03
  6.34324E-03  6.82787E-03  5.96815E-03  5.92227E-03  5.84924E-03  5.51773E-03
  5.77784E-03  5.62202E-03  4.17450E-02  7.48700E-02  1.42053E-01  2.54151E-01
  2.52580E-01  1.41634E-01  7.39009E-02  3.66954E-02  1.90953E-02  1.44794E-02
  1.16904E-02  1.00033E-02  8.10826E-03  7.79033E-03  7.37131E-03  7.44402E-03
  7.78677E-03  7.51605E-03  7.85320E-03  6.84716E-03  6.87070E-03  7.12153E-03
  6.77573E-03  6.23859E-03  6.34936E-03  6.76233E-03  5.46945E-03  5.59696E-03
  5.93097E-03  5.98067E-03  5.69323E-03  4.91174E-03  4.12369E-02  7.08783E-02
  1.27677E-01  2.15237E-01  2.12818E-01  1.29910E-01  6.71704E-02  3.84641E-02
  1.97844E-02  1.41171E-02  1.12454E-02  9.24237E-03  8.03054E-03  7.63194E-03
  7.38425E-03  7.63119E-03  7.92176E-03  7.38192E-03  6.84980E-03  7.06808E-03
  6.62136E-03  6.09918E-03  6.07607E-03  5.86560E-03  6.66547E-03  5.80808E-03
  5.75266E-03  5.51007E-03  5.39449E-03  5.31961E-03  5.79038E-03  4.84735E-03
  3.91396E-02  6.77643E-02  1.18836E-01  1.85254E-01  1.80932E-01  1.16766E-01
  6.31743E-02  3.55152E-02  2.14321E-02  1.48982E-02  1.08060E-02  8.30030E-03
  7.74245E-03  8.48331E-03  7.60520E-03  8.20428E-03  7.53957E-03  7.49808E-03
  7.19259E-03  7.05806E-03  6.14273E-03  5.94821E-03  5.68177E-03  6.13428E-03
  6.28937E-03  5.56864E-03  5.11563E-03  5.41073E-03  5.46414E-03  5.24499E-03
  5.11649E-03  4.80726E-03  3.72007E-02  6.25704E-02  1.05305E-01  1.59426E-01
  1.54752E-01  1.05575E-01  5.90245E-02  3.41547E-02  2.04875E-02  1.44891E-02
  1.02518E-02  8.89095E-03  7.33527E-03  8.10681E-03  7.98612E-03  7.80556E-03
  8.06943E-03  6.67853E-03  7.20057E-03  6.94364E-03  6.76610E-03  6.23088E-03
  6.15126E-03  5.83557E-03  6.21375E-03  6.03568E-03  5.75069E-03  5.40847E-03
  5.23822E-03  5.81957E-03  5.47113E-03  4.55542E-03  3.67123E-02  6.02485E-02
  9.44183E-02  1.34087E-01  1.30629E-01  9.61737E-02  5.66058E-02  3.37605E-02
  2.14259E-02  1.37956E-02  1.02905E-02  8.24632E-03  6.95514E-03  8.10746E-03
  7.80988E-03  8.31503E-03  8.46609E-03  7.56289E-03  7.42591E-03  6.83699E-03
  7.06719E-03  6.11544E-03  6.21094E-03  5.48631E-03  6.19929E-03  5.66733E-03
  6.17248E-03  5.60487E-03  5.86002E-03  5.54219E-03  4.65012E-03  4.39369E-03
  3.51053E-02  5.64432E-02  8.63973E-02  1.16313E-01  1.14686E-01  8.41451E-02
  5.24254E-02  3.08111E-02  2.07742E-02  1.34751E-02  1.02287E-02  8.20990E-03
  6.87935E-03  7.38668E-03  7.98427E-03  8.03460E-03  8.18931E-03  8.20315E-03
  7.08809E-03  6.79503E-03  6.85415E-03  5.96998E-03  6.18763E-03  5.27567E-03
  6.36130E-03  6.30583E-03  5.75444E-03  5.18135E-03  5.35019E-03  6.10828E-03
  4.81641E-03  4.50732E-03  3.39976E-02  5.31932E-02  7.71626E-02  1.00128E-01
  1.00245E-01  7.57238E-02  5.02011E-02  2.97963E-02  1.99762E-02  1.23417E-02
  1.01286E-02  8.14326E-03  7.43687E-03  7.37808E-03  7.79234E-03  7.82093E-03
  8.11976E-03  7.66632E-03  6.84014E-03  7.63163E-03  6.83687E-03  6.48747E-03
  6.19842E-03  5.84186E-03  6.30283E-03  5.76700E-03  5.77255E-03  5.56220E-03
  5.76206E-03  6.05192E-03  5.38171E-03  4.76236E-03  3.16375E-02  4.83227E-02
  7.04833E-02  8.74421E-02  8.95692E-02  6.71219E-02  4.78254E-02  2.79532E-02
  1.86775E-02  1.22761E-02  9.77711E-03  7.72849E-03  6.25752E-03  7.70982E-03
  7.91025E-03  8.43870E-03  8.34900E-03  7.74768E-03  7.33729E-03  7.40612E-03
  6.72101E-03  6.36846E-03  6.34340E-03  6.24945E-03  5.70500E-03  5.02116E-03
  5.64708E-03  5.82891E-03  5.26229E-03  5.60576E-03  5.49474E-03  4.60637E-03
  2.86754E-02  4.42386E-02  6.38766E-02  7.60289E-02  7.78586E-02  6.07792E-02
  4.19321E-02  2.60491E-02  1.79165E-02  1.25891E-02  9.29834E-03  7.17705E-03
  6.32608E-03  6.81271E-03  7.29171E-03  8.88631E-03  7.74406E-03  7.96387E-03
  6.39895E-03  7.20360E-03  6.30059E-03  6.31270E-03  6.03657E-03  5.83465E-03
  6.29682E-03  6.06519E-03  5.36007E-03  5.86673E-03  5.38947E-03  4.70213E-03
  5.51963E-03  4.37180E-03  2.86629E-02  4.02846E-02  5.75610E-02  6.77434E-02
  6.79046E-02  5.46784E-02  3.84043E-02  2.38376E-02  1.66307E-02  1.19338E-02
  8.62022E-03  7.70209E-03  6.18264E-03  7.06909E-03  7.35545E-03  8.00111E-03
  8.29393E-03  7.40705E-03  7.14142E-03  6.17317E-03  6.63476E-03  6.12303E-03
  5.86382E-03  6.09894E-03  4.99820E-03  6.12157E-03  5.65479E-03  6.27712E-03
  5.32607E-03  4.80375E-03  5.37266E-03  4.47845E-03  2.70728E-02  3.75231E-02
  5.04502E-02  5.98245E-02  5.84198E-02  4.93269E-02  3.46316E-02  2.33041E-02
  1.41613E-02  1.12269E-02  8.44752E-03  7.10210E-03  6.82393E-03  7.13126E-03
  7.24463E-03  7.49861E-03  8.08786E-03  7.66259E-03  6.97818E-03  6.41800E-03
  6.75808E-03  6.15924E-03  5.91004E-03  6.18857E-03  5.18827E-03  5.49229E-03
  5.98382E-03  5.88693E-03  5.55769E-03  5.75360E-03  5.08413E-03  4.38175E-03
  2.59011E-02  3.40067E-02  4.51643E-02  5.33472E-02  5.15418E-02  4.48750E-02
  3.19673E-02  2.16184E-02  1.29284E-02  9.86081E-03  8.84021E-03  7.03983E-03
  6.82268E-03  6.85614E-03  7.96834E-03  7.68381E-03  7.78257E-03  6.52296E-03
  6.88459E-03  6.75135E-03  6.86916E-03  5.72578E-03  5.46925E-03  6.00015E-03
  5.64439E-03  5.33309E-03  6.01108E-03  5.13600E-03  5.99782E-03  5.73957E-03
  4.99085E-03  4.74566E-03  2.54855E-02  3.11217E-02  4.00271E-02  4.71859E-02
  4.66802E-02  3.80965E-02  2.91095E-02  1.99642E-02  1.26177E-02  1.00718E-02
  8.82296E-03  7.79270E-03  7.00156E-03  7.90492E-03  7.91936E-03  7.67427E-03
  8.19604E-03  7.20528E-03  7.11404E-03  6.81826E-03  6.73564E-03  5.94476E-03
  5.46779E-03  6.93674E-03  5.27572E-03  5.40228E-03  5.62697E-03  6.06937E-03
  5.61059E-03  5.36936E-03  4.93187E-03  4.78026E-03  2.41289E-02  2.94019E-02
  3.64848E-02  4.12732E-02  4.18855E-02  3.50234E-02  2.66012E-02  1.82247E-02
  1.20552E-02  1.04203E-02  8.60084E-03  7.65399E-03  7.45433E-03  7.70973E-03
  7.72652E-03  8.05276E-03  8.40118E-03  6.98400E-03  7.22486E-03  6.70189E-03
  6.00666E-03  6.24027E-03  5.54008E-03  6.37644E-03  5.81097E-03  5.51884E-03
  5.70577E-03  5.86718E-03  4.62725E-03  4.96541E-03  5.21912E-03  4.46687E-03
  2.23874E-02  2.61928E-02  3.35193E-02  3.75689E-02  3.72295E-02  3.08072E-02
  2.52181E-02  1.66344E-02  1.12906E-02  1.03235E-02  8.43416E-03  7.56609E-03
  7.50526E-03  7.00297E-03  7.74689E-03  8.22881E-03  8.74618E-03  7.24472E-03
  7.36321E-03  6.78306E-03  6.06305E-03  6.08344E-03  5.49590E-03  6.18845E-03
  5.84691E-03  5.51420E-03  5.30589E-03  5.66325E-03  3.98656E-03  5.31428E-03
  5.30801E-03  4.38343E-03  2.07334E-02  2.43372E-02  2.98833E-02  3.19311E-02
  3.19373E-02  2.84315E-02  2.24190E-02  1.61882E-02  1.03295E-02  9.97982E-03
  8.65290E-03  8.17771E-03  7.69233E-03  8.11083E-03  7.85250E-03  8.33367E-03
  8.43649E-03  7.03288E-03  7.72325E-03  6.89196E-03  5.91670E-03  6.23623E-03
  5.39255E-03  5.73654E-03  5.72600E-03  5.63711E-03  5.74464E-03  5.45542E-03
  5.14688E-03  5.29592E-03  5.18049E-03  4.52731E-03  1.97712E-02  2.35620E-02
  2.79150E-02  2.89274E-02  2.88827E-02  2.63035E-02  2.07940E-02  1.49567E-02
  1.04030E-02  9.58353E-03  8.61033E-03  8.06826E-03  7.66600E-03  7.55970E-03
  7.75660E-03  8.90608E-03  7.93488E-03  7.52328E-03  7.94403E-03  6.77436E-03
  6.29661E-03  5.77063E-03  5.11483E-03  5.71579E-03  5.88631E-03  6.11604E-03
  5.54092E-03  5.14068E-03  5.47298E-03  4.86773E-03  5.11322E-03  3.91788E-03
  1.86539E-02  2.14143E-02  2.46272E-02  2.63242E-02  2.62312E-02  2.30749E-02
  1.86498E-02  1.38589E-02  1.02230E-02  9.50218E-03  8.40795E-03  8.17290E-03
  7.94883E-03  7.37472E-03  8.17982E-03  7.83237E-03  7.81454E-03  7.55393E-03
  6.61804E-03  6.06242E-03  5.94860E-03  6.08030E-03  5.19322E-03  5.43348E-03
  4.83104E-03  5.32050E-03  5.74473E-03  4.78677E-03  5.56549E-03  4.94921E-03
  4.84255E-03  3.99653E-03  1.76541E-02  1.99122E-02  2.19335E-02  2.41431E-02
  2.31936E-02  2.05713E-02  1.65414E-02  1.19525E-02  9.02723E-03  9.13464E-03
  8.77854E-03  8.23599E-03  8.53727E-03  7.25486E-03  7.20047E-03  7.91020E-03
  7.87578E-03  6.76072E-03  6.87649E-03  6.38576E-03  6.07487E-03  6.57723E-03
  5.42697E-03  5.61830E-03  5.36605E-03  4.74167E-03  5.15860E-03  5.35382E-03
  4.98417E-03  5.25835E-03  5.22616E-03  4.04494E-03  1.70762E-02  1.75097E-02
  1.96743E-02  2.05197E-02  1.92753E-02  1.84073E-02  1.49048E-02  1.14792E-02
  9.24011E-03  8.66693E-03  8.34501E-03  8.02059E-03  8.04512E-03  7.33008E-03
  7.13177E-03  8.12156E-03  7.36023E-03  6.19756E-03  6.77833E-03  5.75036E-03
  5.94644E-03  5.83756E-03  5.81145E-03  5.81308E-03  5.17023E-03  4.80968E-03
  4.82083E-03  5.51235E-03  4.61435E-03  5.22304E-03  5.59660E-03  4.19064E-03
  1.53039E-02  1.51543E-02  1.65352E-02  1.68872E-02  1.71770E-02  1.56713E-02
  1.30312E-02  1.04863E-02  9.39230E-03  8.26979E-03  8.56218E-03  7.78149E-03
  7.47098E-03  6.98366E-03  7.02186E-03  7.79931E-03  6.66354E-03  6.09526E-03
  6.34374E-03  5.43428E-03  6.23261E-03  5.92040E-03  5.92434E-03  5.61203E-03
  5.64787E-03  5.31610E-03  4.91906E-03  5.96909E-03  4.81432E-03  4.80976E-03
  5.68153E-03  4.12484E-03
  2.03630E-03  2.87064E-03  3.63021E-03  4.07145E-03  4.09667E-03  3.64588E-03
  2.90019E-03  2.04658E-03  1.44364E-03  1.25871E-03  1.04428E-03  7.72478E-04
  5.86255E-04  4.38832E-04  3.58625E-04  2.82519E-04  2.46462E-04  1.81858E-04
  1.40533E-04  1.08258E-04  8.68231E-05  7.07403E-05  6.08187E-05  5.55569E-05
  4.99783E-05  4.92674E-05  4.49677E-05  4.15215E-05  3.92850E-05  3.92117E-05
  3.51294E-05  3.51157E-05  2.35070E-03  3.36814E-03  4.31643E-03  4.86094E-03
  4.87459E-03  4.32403E-03  3.41106E-03  2.35586E-03  1.58816E-03  1.33025E-03
  1.06934E-03  7.80464E-04  5.74373E-04  4.37871E-04  3.34749E-04  2.86274E-04
  2.55521E-04  1.95927E-04  1.51244E-04  1.19265E-04  9.21035E-05  7.82569E-05
  6.87344E-05  6.10219E-05  4.96339E-05  4.64784E-05  4.53614E-05  3.91456E-05
  4.23041E-05  4.28546E-05  4.02376E-05  3.54335E-05  2.66054E-03  3.86405E-03
  4.99711E-03  5.66584E-03  5.68380E-03  4.99792E-03  3.88990E-03  2.66129E-03
  1.75331E-03  1.42245E-03  1.07921E-03  7.82627E-04  5.58751E-04  4.31697E-04
  3.31370E-04  2.86324E-04  2.59185E-04  2.06095E-04  1.55501E-04  1.26263E-04
  9.82213E-05  8.22470E-05  7.07342E-05  5.98375E-05  5.61179E-05  5.33625E-05
  4.56298E-05  4.49731E-05  4.25741E-05  4.12050E-05  4.00473E-05  3.47997E-05
  2.95577E-03  4.37217E-03  5.72884E-03  6.52792E-03  6.56451E-03  5.73178E-03
  4.38880E-03  2.98091E-03  1.92094E-03  1.51258E-03  1.09540E-03  7.80603E-04
  5.54637E-04  4.14781E-04  3.13125E-04  2.82525E-04  2.67062E-04  2.14404E-04
  1.65955E-04  1.27582E-04  1.02976E-04  8.32779E-05  7.22789E-05  6.05055E-05
  5.58192E-05  4.97220E-05  4.92551E-05  4.55199E-05  4.36198E-05  4.30656E-05
  3.93934E-05  3.52348E-05  3.26309E-03  4.93876E-03  6.52555E-03  7.49156E-03
  7.53072E-03  6.51276E-03  4.93135E-03  3.31740E-03  2.08010E-03  1.58947E-03
  1.11652E-03  7.79514E-04  5.50412E-04  4.04346E-04  3.19481E-04  2.82246E-04
  2.80141E-04  2.13783E-04  1.68925E-04  1.33519E-04  1.07992E-04  8.77094E-05
  7.47578E-05  6.46895E-05  5.74791E-05  5.00246E-05  4.79959E-05  4.69370E-05
  4.38759E-05  4.09675E-05  4.21145E-05  3.48092E-05  3.60243E-03  5.51729E-03
  7.38824E-03  8.62860E-03  8.64482E-03  7.38656E-03  5.52324E-03  3.68511E-03
  2.25165E-03  1.65238E-03  1.13482E-03  7.69768E-04  5.27773E-04  3.94333E-04
  3.12199E-04  2.83410E-04  2.83728E-04  2.21939E-04  1.74117E-04  1.35797E-04
  1.11398E-04  9.04625E-05  7.70776E-05  6.91816E-05  6.00570E-05  5.40145E-05
  4.90162E-05  4.87781E-05  4.54278E-05  4.25776E-05  4.20988E-05  3.57719E-05
  3.95776E-03  6.16117E-03  8.39516E-03  9.91748E-03  9.87569E-03  8.39216E-03
  6.17191E-03  4.04553E-03  2.44684E-03  1.70815E-03  1.13475E-03  7.52268E-04
  5.11276E-04  3.76965E-04  3.06617E-04  2.91804E-04  2.87089E-04  2.34974E-04
  1.90396E-04  1.42069E-04  1.14774E-04  9.37336E-05  7.88100E-05  7.33425E-05
  6.02889E-05  5.56860E-05  5.13366E-05  4.97205E-05  4.52789E-05  4.35436E-05
  4.30823E-05  3.71044E-05  4.30042E-03  6.87968E-03  9.51832E-03  1.14022E-02
  1.13501E-02  9.50152E-03  6.88212E-03  4.46425E-03  2.65240E-03  1.74128E-03
  1.13782E-03  7.33659E-04  4.98189E-04  3.65513E-04  3.14441E-04  3.01089E-04
  3.02748E-04  2.41856E-04  1.88807E-04  1.46654E-04  1.12321E-04  9.47901E-05
  8.71219E-05  7.31868E-05  6.10253E-05  5.90012E-05  5.60667E-05  4.76214E-05
  4.42126E-05  4.48080E-05  4.13682E-05  3.70483E-05  4.71470E-03  7.63542E-03
  1.07690E-02  1.30788E-02  1.30353E-02  1.07660E-02  7.65274E-03  4.89612E-03
  2.82114E-03  1.78120E-03  1.12501E-03  7.10986E-04  4.68281E-04  3.70624E-04
  3.29439E-04  3.10087E-04  3.15343E-04  2.44002E-04  1.99592E-04  1.50598E-04
  1.23579E-04  1.02827E-04  8.47458E-05  7.35514E-05  6.32084E-05  5.70592E-05
  5.52468E-05  4.94663E-05  4.71090E-05  4.36057E-05  4.10965E-05  3.82201E-05
  5.15189E-03  8.48152E-03  1.22131E-02  1.50909E-02  1.50574E-02  1.22172E-02
  8.50330E-03  5.35657E-03  2.99714E-03  1.80278E-03  1.11613E-03  6.99137E-04
  4.60602E-04  3.77617E-04  3.31544E-04  3.19420E-04  3.21393E-04  2.55910E-04
  2.05104E-04  1.61449E-04  1.26389E-04  1.05920E-04  8.78752E-05  7.52758E-05
  6.78381E-05  6.09168E-05  5.52319E-05  4.85404E-05  4.50545E-05  4.35103E-05
  4.08888E-05  3.66625E-05  5.58953E-03  9.38534E-03  1.38838E-02  1.74264E-02
  1.74022E-02  1.38667E-02  9.42392E-03  5.85320E-03  3.34281E-03  1.96002E-03
  1.18222E-03  7.25769E-04  4.66055E-04  3.85032E-04  3.42509E-04  3.25961E-04
  3.39100E-04  2.70912E-04  2.16916E-04  1.70200E-04  1.37308E-04  1.06999E-04
  8.97515E-05  7.78506E-05  6.80343E-05  6.17819E-05  5.60677E-05  5.21069E-05
  4.92238E-05  4.45288E-05  4.16845E-05  3.74365E-05  6.07164E-03  1.04148E-02
  1.57512E-02  2.02798E-02  2.02275E-02  1.58031E-02  1.04735E-02  6.38232E-03
  3.69807E-03  2.15285E-03  1.30213E-03  7.82086E-04  4.81808E-04  4.00457E-04
  3.56095E-04  3.41929E-04  3.58308E-04  2.98218E-04  2.34030E-04  1.81654E-04
  1.41567E-04  1.14629E-04  9.52380E-05  7.67824E-05  6.77652E-05  6.07157E-05
  5.64359E-05  5.36921E-05  5.07962E-05  4.66307E-05  4.34450E-05  3.76900E-05
  6.54643E-03  1.14989E-02  1.79186E-02  2.36645E-02  2.36203E-02  1.79668E-02
  1.15673E-02  6.91169E-03  3.98979E-03  2.32651E-03  1.39150E-03  8.31070E-04
  5.08335E-04  4.08817E-04  3.69850E-04  3.57740E-04  3.78902E-04  3.11492E-04
  2.44951E-04  1.85051E-04  1.48649E-04  1.14942E-04  1.00145E-04  8.38939E-05
  7.01771E-05  6.24426E-05  5.67539E-05  5.53061E-05  5.56676E-05  4.56462E-05
  4.29831E-05  3.90332E-05  7.06940E-03  1.26941E-02  2.04646E-02  2.77594E-02
  2.77589E-02  2.04358E-02  1.27362E-02  7.45210E-03  4.27976E-03  2.46195E-03
  1.49048E-03  8.85496E-04  5.27261E-04  4.30491E-04  3.91793E-04  3.92551E-04
  4.00610E-04  3.32572E-04  2.54584E-04  1.95743E-04  1.51415E-04  1.22570E-04
  1.02993E-04  8.35592E-05  6.85077E-05  6.33763E-05  6.03798E-05  5.68257E-05
  5.35169E-05  4.49396E-05  4.39037E-05  3.86292E-05  7.58260E-03  1.39275E-02
  2.33373E-02  3.28458E-02  3.28037E-02  2.33043E-02  1.40298E-02  7.98541E-03
  4.51663E-03  2.59638E-03  1.56427E-03  9.31951E-04  5.52976E-04  4.61546E-04
  4.27292E-04  4.15823E-04  4.36766E-04  3.54144E-04  2.73441E-04  2.05366E-04
  1.64900E-04  1.28442E-04  1.02814E-04  9.05633E-05  7.61402E-05  6.41627E-05
  6.38244E-05  5.55323E-05  5.25516E-05  4.57916E-05  4.50250E-05  3.86411E-05
  8.10779E-03  1.52890E-02  2.66133E-02  3.91985E-02  3.91486E-02  2.66517E-02
  1.53777E-02  8.53771E-03  4.75085E-03  2.72073E-03  1.62944E-03  9.82096E-04
  6.01595E-04  5.03875E-04  4.51239E-04  4.54178E-04  4.74711E-04  3.86743E-04
  2.78446E-04  2.17900E-04  1.67088E-04  1.32981E-04  1.07401E-04  9.09900E-05
  7.95801E-05  7.02190E-05  6.50283E-05  5.82718E-05  5.43447E-05  4.67755E-05
  4.18446E-05  3.92420E-05  8.63671E-03  1.67159E-02  3.04376E-02  4.71504E-02
  4.70680E-02  3.04558E-02  1.67862E-02  9.06700E-03  4.97177E-03  2.79889E-03
  1.70306E-03  1.05159E-03  6.61886E-04  5.54056E-04  5.21237E-04  5.18649E-04
  5.25315E-04  4.15617E-04  2.93960E-04  2.24341E-04  1.69532E-04  1.36591E-04
  1.12230E-04  9.41157E-05  8.56935E-05  7.55505E-05  6.60445E-05  6.37223E-05
  5.67122E-05  4.95053E-05  4.78502E-05  3.99937E-05  9.13400E-03  1.81634E-02
  3.48480E-02  5.73280E-02  5.72746E-02  3.47984E-02  1.82642E-02  9.58562E-03
  5.13463E-03  2.88362E-03  1.78096E-03  1.14561E-03  7.28421E-04  6.49721E-04
  6.04105E-04  5.90477E-04  5.81664E-04  4.30282E-04  2.96849E-04  2.33740E-04
  1.82463E-04  1.47725E-04  1.17779E-04  1.01877E-04  9.80883E-05  8.47692E-05
  7.45320E-05  6.84962E-05  5.95049E-05  5.56876E-05  4.87415E-05  4.45382E-05
  9.64480E-03  1.96188E-02  3.97169E-02  7.06180E-02  7.06699E-02  3.96833E-02
  1.97195E-02  1.00753E-02  5.23751E-03  3.02258E-03  1.94204E-03  1.30779E-03
  8.85211E-04  7.97730E-04  7.16692E-04  6.32740E-04  5.81426E-04  4.22632E-04
  3.20094E-04  2.52324E-04  2.07888E-04  1.59917E-04  1.35363E-04  1.23320E-04
  1.09496E-04  9.75790E-05  8.52865E-05  7.77198E-05  7.11918E-05  6.56745E-05
  6.00369E-05  5.30276E-05  1.01319E-02  2.10080E-02  4.50301E-02  8.84480E-02
  8.84451E-02  4.50272E-02  2.11488E-02  1.04791E-02  5.37738E-03  3.30833E-03
  2.23939E-03  1.56474E-03  1.11079E-03  9.20326E-04  7.62344E-04  6.53934E-04
  5.80526E-04  4.66474E-04  3.78010E-04  3.20878E-04  2.68547E-04  2.33573E-04
  2.02129E-04  1.83096E-04  1.62026E-04  1.43411E-04  1.29252E-04  1.16584E-04
  1.08517E-04  9.83923E-05  8.70445E-05  7.71967E-05  1.05024E-02  2.23470E-02
  5.06329E-02  1.12921E-01  1.12935E-01  5.05980E-02  2.25179E-02  1.07916E-02
  5.37932E-03  3.47562E-03  2.45166E-03  1.74491E-03  1.25331E-03  9.50210E-04
  7.80413E-04  6.52138E-04  5.98523E-04  5.29936E-04  4.68614E-04  4.09556E-04
  3.60494E-04  3.14598E-04  2.80691E-04  2.48762E-04  2.23402E-04  2.00523E-04
  1.86163E-04  1.70341E-04  1.50983E-04  1.47909E-04  1.37018E-04  1.25961E-04
  1.08445E-02  2.34985E-02  5.63438E-02  1.47497E-01  1.47356E-01  5.63924E-02
  2.36944E-02  1.10679E-02  5.41837E-03  3.46826E-03  2.39209E-03  1.71653E-03
  1.22860E-03  9.60257E-04  7.83833E-04  6.76361E-04  6.08598E-04  5.35397E-04
  4.64364E-04  4.07036E-04  3.54087E-04  3.06840E-04  2.72178E-04  2.39195E-04
  2.14389E-04  2.05395E-04  1.86829E-04  1.68117E-04  1.60547E-04  1.42684E-04
  1.33508E-04  1.23769E-04  1.11547E-02  2.45180E-02  6.15632E-02  1.98904E-01
  1.98599E-01  6.16545E-02  2.46686E-02  1.13233E-02  5.39746E-03  3.43883E-03
  2.38672E-03  1.70989E-03  1.26853E-03  9.84251E-04  7.94040E-04  6.54262E-04
  5.79173E-04  5.15852E-04  4.49473E-04  3.87197E-04  3.42392E-04  3.07786E-04
  2.71113E-04  2.49456E-04  2.22797E-04  2.04888E-04  1.90175E-04  1.80252E-04
  1.62735E-04  1.46002E-04  1.37596E-04  1.27716E-04  1.12232E-02  2.51696E-02
  6.57868E-02  2.82623E-01  2.82515E-01  6.57389E-02  2.52260E-02  1.14858E-02
  5.41218E-03  3.44792E-03  2.38314E-03  1.72713E-03  1.27790E-03  9.72064E-04
  7.74977E-04  6.52085E-04  5.60404E-04  5.06645E-04  4.50741E-04  3.98244E-04
  3.55250E-04  3.17513E-04  2.82870E-04  2.53733E-04  2.32430E-04  2.11045E-04
  1.90153E-04  1.73232E-04  1.60906E-04  1.51326E-04  1.42550E-04  1.35317E-04
  1.13785E-02  2.55322E-02  6.79789E-02  4.99571E-01  4.99282E-01  6.80416E-02
  2.56706E-02  1.16130E-02  5.40220E-03  3.39678E-03  2.36822E-03  1.71763E-03
  1.28750E-03  9.87189E-04  7.79083E-04  6.50967E-04  5.77495E-04  5.16071E-04
  4.58162E-04  4.00347E-04  3.48808E-04  3.10078E-04  2.76752E-04  2.50005E-04
  2.28565E-04  2.11713E-04  1.91764E-04  1.78587E-04  1.63337E-04  1.53600E-04
  1.43422E-04  1.30819E-04  1.13698E-02  2.54928E-02  6.80588E-02  4.99559E-01
  4.99763E-01  6.80579E-02  2.56563E-02  1.16381E-02  5.43669E-03  3.45673E-03
  2.38214E-03  1.73212E-03  1.28674E-03  9.99106E-04  8.08719E-04  6.72721E-04
  5.84433E-04  5.16310E-04  4.55312E-04  3.96306E-04  3.51722E-04  3.20713E-04
  2.83721E-04  2.52289E-04  2.30390E-04  2.08852E-04  1.89029E-04  1.78688E-04
  1.63146E-04  1.51691E-04  1.42144E-04  1.25446E-04  1.13104E-02  2.52485E-02
  6.57212E-02  2.82600E-01  2.82476E-01  6.56574E-02  2.52285E-02  1.14709E-02
  5.43537E-03  3.44782E-03  2.39437E-03  1.73410E-03  1.27698E-03  9.83192E-04
  7.95742E-04  6.68049E-04  5.84699E-04  5.20001E-04  4.61145E-04  3.96613E-04
  3.52880E-04  3.08935E-04  2.77804E-04  2.47938E-04  2.24283E-04  2.04551E-04
  1.89851E-04  1.74381E-04  1.60809E-04  1.51545E-04  1.43347E-04  1.31148E-04
  1.11834E-02  2.45223E-02  6.15382E-02  1.98822E-01  1.98658E-01  6.16146E-02
  2.46015E-02  1.13605E-02  5.41450E-03  3.41941E-03  2.38933E-03  1.72742E-03
  1.26843E-03  9.74249E-04  7.77615E-04  6.50696E-04  5.71954E-04  5.19165E-04
  4.57279E-04  3.98051E-04  3.48138E-04  3.12899E-04  2.79685E-04  2.52381E-04
  2.27862E-04  2.01967E-04  1.84613E-04  1.75045E-04  1.63900E-04  1.46799E-04
  1.40542E-04  1.30038E-04  1.07905E-02  2.35572E-02  5.62384E-02  1.47327E-01
  1.47453E-01  5.62774E-02  2.35996E-02  1.10626E-02  5.41986E-03  3.46951E-03
  2.38719E-03  1.73080E-03  1.26026E-03  9.70537E-04  7.75474E-04  6.55694E-04
  5.92178E-04  5.17080E-04  4.57026E-04  4.02253E-04  3.52251E-04  3.21433E-04
  2.82646E-04  2.44214E-04  2.24582E-04  2.06306E-04  1.89216E-04  1.76605E-04
  1.63079E-04  1.47580E-04  1.44239E-04  1.30799E-04  1.05017E-02  2.23721E-02
  5.04744E-02  1.12794E-01  1.12839E-01  5.06501E-02  2.24879E-02  1.07755E-02
  5.38875E-03  3.49899E-03  2.44943E-03  1.75619E-03  1.24979E-03  9.57130E-04
  7.79120E-04  6.61153E-04  6.00783E-04  5.32165E-04  4.68535E-04  4.12577E-04
  3.60413E-04  3.17143E-04  2.79077E-04  2.48603E-04  2.20374E-04  2.05178E-04
  1.91034E-04  1.75444E-04  1.53944E-04  1.46509E-04  1.34266E-04  1.27806E-04
  1.01046E-02  2.09513E-02  4.48646E-02  8.84364E-02  8.84597E-02  4.48790E-02
  2.11018E-02  1.04491E-02  5.35274E-03  3.28189E-03  2.25068E-03  1.56767E-03
  1.10867E-03  9.22080E-04  7.64879E-04  6.61609E-04  5.99148E-04  4.64327E-04
  3.78645E-04  3.25112E-04  2.76742E-04  2.43324E-04  2.13549E-04  1.87534E-04
  1.62718E-04  1.44129E-04  1.25012E-04  1.16643E-04  1.02526E-04  9.58277E-05
  8.62130E-05  7.91322E-05  9.65064E-03  1.95110E-02  3.95580E-02  7.05831E-02
  7.06729E-02  3.95966E-02  1.96627E-02  9.98770E-03  5.17426E-03  2.99781E-03
  1.94592E-03  1.31102E-03  8.89427E-04  7.85192E-04  7.10706E-04  6.40130E-04
  5.81862E-04  4.33634E-04  3.23882E-04  2.49750E-04  2.07346E-04  1.72027E-04
  1.46610E-04  1.29908E-04  1.12379E-04  9.82900E-05  8.68866E-05  8.01332E-05
  7.04699E-05  6.80727E-05  5.76698E-05  4.96542E-05  9.14562E-03  1.81232E-02
  3.47335E-02  5.72349E-02  5.73400E-02  3.48499E-02  1.82722E-02  9.56494E-03
  5.06018E-03  2.86837E-03  1.78978E-03  1.15158E-03  7.42857E-04  6.44820E-04
  5.98626E-04  5.90459E-04  5.69458E-04  4.30049E-04  3.09897E-04  2.34639E-04
  1.85401E-04  1.45435E-04  1.20086E-04  1.11432E-04  9.70099E-05  8.42336E-05
  7.68503E-05  6.53734E-05  5.64982E-05  5.88837E-05  4.82897E-05  4.84842E-05
  8.61384E-03  1.66700E-02  3.04824E-02  4.70427E-02  4.70744E-02  3.04914E-02
  1.68407E-02  9.04588E-03  4.91823E-03  2.78097E-03  1.68996E-03  1.05898E-03
  6.48777E-04  5.59985E-04  5.21556E-04  5.01916E-04  5.22710E-04  4.09477E-04
  3.01653E-04  2.29464E-04  1.77234E-04  1.40890E-04  1.11738E-04  9.58379E-05
  8.34131E-05  8.10903E-05  7.07589E-05  6.29607E-05  5.48156E-05  5.02049E-05
  4.43349E-05  4.30795E-05  8.08799E-03  1.52749E-02  2.66737E-02  3.90610E-02
  3.91422E-02  2.66946E-02  1.54050E-02  8.51477E-03  4.72573E-03  2.68550E-03
  1.59790E-03  9.92325E-04  5.94516E-04  5.06778E-04  4.54322E-04  4.58207E-04
  4.70050E-04  3.83127E-04  2.86489E-04  2.10713E-04  1.69068E-04  1.36416E-04
  1.04332E-04  8.70591E-05  7.93368E-05  7.09567E-05  6.41540E-05  5.93289E-05
  5.27788E-05  4.90777E-05  4.46841E-05  4.24803E-05  7.58106E-03  1.39087E-02
  2.33740E-02  3.28234E-02  3.28479E-02  2.33518E-02  1.40102E-02  7.97737E-03
  4.47814E-03  2.58809E-03  1.55111E-03  9.29540E-04  5.48806E-04  4.62034E-04
  4.24183E-04  4.04614E-04  4.39444E-04  3.47827E-04  2.61178E-04  2.02796E-04
  1.54977E-04  1.23023E-04  1.00653E-04  8.68245E-05  7.51837E-05  6.77451E-05
  5.93696E-05  5.32054E-05  5.39777E-05  4.81587E-05  4.44716E-05  4.10045E-05
  7.06295E-03  1.26649E-02  2.04496E-02  2.77799E-02  2.77747E-02  2.04570E-02
  1.27407E-02  7.43208E-03  4.23006E-03  2.47999E-03  1.47857E-03  8.69195E-04
  5.20552E-04  4.18934E-04  3.93633E-04  3.85982E-04  4.02721E-04  3.27529E-04
  2.48964E-04  1.94202E-04  1.49545E-04  1.20039E-04  1.02198E-04  8.16398E-05
  7.04306E-05  6.83091E-05  6.06339E-05  5.48632E-05  4.82540E-05  4.41032E-05
  4.18731E-05  3.96940E-05  6.57685E-03  1.14874E-02  1.79328E-02  2.36613E-02
  2.36725E-02  1.79566E-02  1.15518E-02  6.91390E-03  3.96074E-03  2.32683E-03
  1.39904E-03  8.45990E-04  4.91560E-04  4.03871E-04  3.54462E-04  3.64630E-04
  3.72575E-04  3.01558E-04  2.37635E-04  1.76802E-04  1.41335E-04  1.14193E-04
  9.73014E-05  8.11663E-05  7.29389E-05  6.68499E-05  5.50055E-05  5.65815E-05
  4.86599E-05  4.44719E-05  4.13076E-05  4.03858E-05  6.05324E-03  1.03819E-02
  1.57504E-02  2.03158E-02  2.02765E-02  1.57966E-02  1.04393E-02  6.35773E-03
  3.69625E-03  2.14890E-03  1.30794E-03  7.96875E-04  4.68206E-04  3.86758E-04
  3.41936E-04  3.34835E-04  3.49683E-04  2.82084E-04  2.23518E-04  1.69595E-04
  1.37988E-04  1.09278E-04  9.17141E-05  7.83811E-05  7.18195E-05  6.51912E-05
  5.59208E-05  5.08498E-05  4.89894E-05  4.25893E-05  4.07745E-05  3.91575E-05
  5.56489E-03  9.37153E-03  1.38451E-02  1.74582E-02  1.74662E-02  1.38582E-02
  9.42947E-03  5.84971E-03  3.35282E-03  1.96155E-03  1.17825E-03  7.31335E-04
  4.65455E-04  3.77842E-04  3.37678E-04  3.21839E-04  3.35728E-04  2.72155E-04
  2.14155E-04  1.65467E-04  1.28570E-04  1.05174E-04  8.53398E-05  7.47453E-05
  6.78803E-05  6.49827E-05  5.51382E-05  5.01577E-05  4.81640E-05  4.16980E-05
  4.15488E-05  3.52627E-05  5.12770E-03  8.43469E-03  1.22192E-02  1.51078E-02
  1.51059E-02  1.22665E-02  8.46698E-03  5.35750E-03  3.00726E-03  1.79956E-03
  1.11360E-03  6.94112E-04  4.61429E-04  3.66054E-04  3.22842E-04  3.16721E-04
  3.21097E-04  2.59704E-04  2.10826E-04  1.56155E-04  1.22845E-04  1.00910E-04
  8.57812E-05  7.28973E-05  6.41827E-05  6.51886E-05  5.55468E-05  5.18436E-05
  4.31626E-05  4.27248E-05  4.27504E-05  3.59054E-05  4.70220E-03  7.60167E-03
  1.07800E-02  1.31223E-02  1.30971E-02  1.08095E-02  7.66355E-03  4.88808E-03
  2.83129E-03  1.77610E-03  1.13019E-03  7.20186E-04  4.72596E-04  3.66262E-04
  3.09400E-04  3.03865E-04  3.04121E-04  2.51705E-04  1.97044E-04  1.48957E-04
  1.16528E-04  9.83652E-05  8.66506E-05  7.30233E-05  6.35804E-05  6.20935E-05
  5.46185E-05  5.04830E-05  4.62982E-05  4.45932E-05  4.06106E-05  3.82324E-05
  4.31229E-03  6.83265E-03  9.50356E-03  1.14039E-02  1.14077E-02  9.51956E-03
  6.89751E-03  4.45046E-03  2.65666E-03  1.75039E-03  1.13781E-03  7.44012E-04
  4.95711E-04  3.75471E-04  3.12976E-04  2.92516E-04  3.03451E-04  2.42562E-04
  1.86569E-04  1.45413E-04  1.20248E-04  9.50006E-05  8.00930E-05  7.23698E-05
  6.08966E-05  6.04485E-05  5.27533E-05  5.02134E-05  4.69660E-05  4.39220E-05
  4.14767E-05  3.58065E-05  3.93808E-03  6.15202E-03  8.35263E-03  9.92471E-03
  9.94802E-03  8.39786E-03  6.19038E-03  4.05788E-03  2.45991E-03  1.71453E-03
  1.13076E-03  7.60912E-04  5.12416E-04  3.75586E-04  3.16000E-04  2.92611E-04
  2.91187E-04  2.35039E-04  1.83377E-04  1.39065E-04  1.16245E-04  9.36452E-05
  7.72559E-05  7.17992E-05  5.93178E-05  5.62500E-05  5.52791E-05  4.88215E-05
  4.66935E-05  4.16107E-05  4.17061E-05  3.54599E-05  3.59152E-03  5.52333E-03
  7.34323E-03  8.67595E-03  8.67127E-03  7.41572E-03  5.53354E-03  3.65799E-03
  2.25376E-03  1.65579E-03  1.13019E-03  7.72142E-04  5.35811E-04  3.88007E-04
  3.12726E-04  2.85666E-04  2.80423E-04  2.30213E-04  1.76450E-04  1.32798E-04
  1.09837E-04  8.86745E-05  7.37188E-05  6.66189E-05  5.98146E-05  5.44858E-05
  5.24128E-05  4.78669E-05  4.39149E-05  4.16447E-05  3.84603E-05  3.60418E-05
  3.25178E-03  4.94717E-03  6.47747E-03  7.57566E-03  7.54205E-03  6.51634E-03
  4.94688E-03  3.32016E-03  2.08602E-03  1.59166E-03  1.12687E-03  7.73983E-04
  5.60500E-04  4.10246E-04  3.19894E-04  2.82523E-04  2.78256E-04  2.16501E-04
  1.79195E-04  1.31478E-04  1.01041E-04  8.59565E-05  7.08469E-05  6.68458E-05
  6.18446E-05  5.43917E-05  4.98972E-05  4.84784E-05  4.39760E-05  4.29235E-05
  3.89505E-05  3.26979E-05  2.93490E-03  4.41119E-03  5.71514E-03  6.60340E-03
  6.60670E-03  5.71723E-03  4.40897E-03  3.00510E-03  1.92027E-03  1.52505E-03
  1.11679E-03  7.89035E-04  5.63145E-04  4.27908E-04  3.29228E-04  2.89991E-04
  2.71415E-04  2.05849E-04  1.65065E-04  1.23831E-04  9.70566E-05  8.53311E-05
  7.21955E-05  6.60409E-05  6.41072E-05  5.26545E-05  4.82605E-05  4.87217E-05
  4.37522E-05  4.32483E-05  3.72612E-05  3.25028E-05  2.62986E-03  3.88498E-03
  5.00418E-03  5.71808E-03  5.73863E-03  4.98178E-03  3.89936E-03  2.68151E-03
  1.75727E-03  1.43428E-03  1.09959E-03  7.93755E-04  5.70955E-04  4.38070E-04
  3.40830E-04  2.91912E-04  2.64784E-04  2.07158E-04  1.57230E-04  1.19323E-04
  9.37175E-05  8.04561E-05  6.93508E-05  6.23166E-05  6.10721E-05  5.21398E-05
  4.88033E-05  4.64221E-05  4.56951E-05  4.00975E-05  3.87003E-05  3.44033E-05
  2.35237E-03  3.39094E-03  4.30380E-03  4.91563E-03  4.91587E-03  4.32539E-03
  3.39924E-03  2.37505E-03  1.60377E-03  1.34514E-03  1.06622E-03  7.95333E-04
  5.72735E-04  4.45889E-04  3.48946E-04  2.92328E-04  2.59773E-04  2.00723E-04
  1.46044E-04  1.13198E-04  9.49275E-05  7.93623E-05  6.57779E-05  5.82723E-05
  5.35682E-05  4.97613E-05  4.67004E-05  4.46063E-05  4.15362E-05  3.98481E-05
  3.86897E-05  3.16035E-05  2.02555E-03  2.89437E-03  3.63131E-03  4.11841E-03
  4.13140E-03  3.62760E-03  2.90246E-03  2.04823E-03  1.45170E-03  1.25383E-03
  1.04565E-03  7.90803E-04  5.83452E-04  4.50983E-04  3.54502E-04  2.95433E-04
  2.47680E-04  1.87698E-04  1.43447E-04  1.09732E-04  8.87630E-05  7.43077E-05
  6.25416E-05  5.57517E-05  5.24011E-05  4.60208E-05  4.57453E-05  4.20843E-05
  4.18799E-05  3.82459E-05  4.06272E-05  3.16090E-05  2.04052E-03  2.87644E-03
  3.62139E-03  4.10295E-03  4.12245E-03  3.64338E-03  2.90578E-03  2.05616E-03
  1.45313E-03  1.26343E-03  1.04575E-03  7.91709E-04  5.82875E-04  4.47245E-04
  3.52445E-04  2.91824E-04  2.46064E-04  1.83941E-04  1.41677E-04  1.06386E-04
  8.54962E-05  7.44107E-05  6.92668E-05  5.92743E-05  5.44200E-05  4.65063E-05
  4.65147E-05  4.38653E-05  4.41423E-05  4.25572E-05  4.01755E-05  3.43895E-05
  2.35809E-03  3.37487E-03  4.29685E-03  4.89848E-03  4.89796E-03  4.34747E-03
  3.40282E-03  2.35915E-03  1.59814E-03  1.35017E-03  1.07066E-03  7.92520E-04
  5.78730E-04  4.34968E-04  3.35805E-04  2.88602E-04  2.57433E-04  2.02593E-04
  1.51724E-04  1.13345E-04  9.04720E-05  7.68701E-05  7.13743E-05  5.81137E-05
  5.53669E-05  4.75689E-05  4.79632E-05  4.35127E-05  4.49367E-05  4.56541E-05
  3.95644E-05  3.68239E-05  2.62404E-03  3.86082E-03  4.97000E-03  5.70221E-03
  5.71320E-03  5.01395E-03  3.89249E-03  2.67166E-03  1.75366E-03  1.43353E-03
  1.09598E-03  7.92951E-04  5.78514E-04  4.19545E-04  3.35108E-04  2.91420E-04
  2.70637E-04  2.10114E-04  1.55520E-04  1.23135E-04  9.89293E-05  8.29352E-05
  6.98642E-05  6.48552E-05  5.68454E-05  4.91635E-05  4.72689E-05  4.57390E-05
  4.47323E-05  4.50825E-05  3.95196E-05  3.58952E-05  2.92009E-03  4.37666E-03
  5.70090E-03  6.58442E-03  6.57796E-03  5.73386E-03  4.39341E-03  2.98790E-03
  1.91352E-03  1.52346E-03  1.13142E-03  7.88618E-04  5.62361E-04  4.18207E-04
  3.30901E-04  2.92543E-04  2.68972E-04  2.14575E-04  1.66247E-04  1.31849E-04
  1.04505E-04  8.49540E-05  7.37743E-05  6.51759E-05  5.79482E-05  5.42255E-05
  4.91033E-05  4.52751E-05  4.23096E-05  4.20814E-05  3.84385E-05  3.75916E-05
  3.25374E-03  4.94007E-03  6.48921E-03  7.56389E-03  7.57960E-03  6.50465E-03
  4.93643E-03  3.31728E-03  2.07107E-03  1.59969E-03  1.12669E-03  7.78221E-04
  5.44593E-04  3.98845E-04  3.20791E-04  2.84444E-04  2.73872E-04  2.30633E-04
  1.72002E-04  1.33412E-04  1.09258E-04  8.54969E-05  7.40519E-05  6.89780E-05
  6.02634E-05  5.20708E-05  4.81298E-05  4.66149E-05  4.52284E-05  4.39177E-05
  4.10792E-05  3.53762E-05  3.59236E-03  5.49785E-03  7.36092E-03  8.67288E-03
  8.67032E-03  7.38057E-03  5.51793E-03  3.67279E-03  2.26020E-03  1.65700E-03
  1.11686E-03  7.71251E-04  5.33577E-04  3.95674E-04  3.21054E-04  2.88947E-04
  2.84487E-04  2.34048E-04  1.73950E-04  1.35683E-04  1.06918E-04  9.08797E-05
  7.64901E-05  6.62451E-05  6.29400E-05  5.53285E-05  5.02233E-05  4.74134E-05
  4.56004E-05  4.24864E-05  3.97339E-05  3.85959E-05  3.97124E-03  6.16784E-03
  8.35227E-03  9.93509E-03  9.92135E-03  8.40079E-03  6.18070E-03  4.05069E-03
  2.46302E-03  1.69750E-03  1.12366E-03  7.60057E-04  5.04400E-04  3.71309E-04
  3.11789E-04  2.87929E-04  3.00218E-04  2.34884E-04  1.82139E-04  1.38950E-04
  1.16401E-04  9.40273E-05  7.95735E-05  7.12243E-05  6.39702E-05  5.89394E-05
  5.16256E-05  4.94451E-05  4.59417E-05  4.75680E-05  4.28362E-05  3.53067E-05
  4.34970E-03  6.81075E-03  9.47412E-03  1.13608E-02  1.13944E-02  9.52132E-03
  6.88817E-03  4.42707E-03  2.65092E-03  1.72720E-03  1.13124E-03  7.23546E-04
  4.92216E-04  3.68459E-04  3.15289E-04  3.02997E-04  3.09346E-04  2.40156E-04
  1.91061E-04  1.52774E-04  1.23080E-04  9.78845E-05  8.67259E-05  7.33739E-05
  6.51770E-05  6.02778E-05  5.41340E-05  5.03256E-05  4.73367E-05  4.88235E-05
  4.09361E-05  3.55683E-05  4.77627E-03  7.59706E-03  1.07523E-02  1.30911E-02
  1.31050E-02  1.07840E-02  7.69972E-03  4.85200E-03  2.84579E-03  1.74292E-03
  1.11782E-03  7.04295E-04  4.80824E-04  3.63316E-04  3.22377E-04  3.17366E-04
  3.10453E-04  2.52680E-04  1.93970E-04  1.57937E-04  1.27038E-04  1.02020E-04
  9.03098E-05  7.49046E-05  6.50989E-05  5.91099E-05  5.50627E-05  5.29153E-05
  4.73910E-05  4.66825E-05  4.20215E-05  3.62159E-05  5.17828E-03  8.47429E-03
  1.22089E-02  1.50948E-02  1.50910E-02  1.22174E-02  8.52251E-03  5.33495E-03
  3.01544E-03  1.78174E-03  1.10199E-03  7.01345E-04  4.52170E-04  3.71147E-04
  3.33832E-04  3.14524E-04  3.24706E-04  2.62293E-04  1.99663E-04  1.61437E-04
  1.28709E-04  1.05795E-04  8.98655E-05  7.91585E-05  6.92748E-05  6.17042E-05
  5.53187E-05  5.16446E-05  4.93700E-05  4.44750E-05  4.28302E-05  3.61365E-05
  5.62958E-03  9.39258E-03  1.38209E-02  1.74991E-02  1.74823E-02  1.38815E-02
  9.42663E-03  5.85536E-03  3.34089E-03  1.95332E-03  1.18152E-03  7.29589E-04
  4.52601E-04  3.86972E-04  3.40300E-04  3.21800E-04  3.25609E-04  2.75942E-04
  2.14871E-04  1.65298E-04  1.35579E-04  1.07824E-04  9.03368E-05  8.04729E-05
  7.08339E-05  6.30726E-05  5.49037E-05  5.00574E-05  4.63268E-05  4.33666E-05
  4.54367E-05  4.01139E-05  6.07370E-03  1.04204E-02  1.57222E-02  2.03010E-02
  2.02674E-02  1.58090E-02  1.04556E-02  6.38084E-03  3.69064E-03  2.15120E-03
  1.29807E-03  7.75825E-04  4.74953E-04  3.91829E-04  3.46691E-04  3.38887E-04
  3.48679E-04  2.87405E-04  2.22146E-04  1.77329E-04  1.37820E-04  1.10222E-04
  9.12815E-05  8.14111E-05  6.91103E-05  6.02623E-05  5.67391E-05  5.29251E-05
  4.96157E-05  4.48953E-05  4.61690E-05  3.94723E-05  6.55501E-03  1.14531E-02
  1.79232E-02  2.36643E-02  2.36522E-02  1.79898E-02  1.15379E-02  6.94525E-03
  3.97829E-03  2.31518E-03  1.39182E-03  8.31011E-04  5.07200E-04  4.09190E-04
  3.63790E-04  3.53517E-04  3.75400E-04  2.99070E-04  2.34950E-04  1.87716E-04
  1.38844E-04  1.13169E-04  9.39535E-05  8.42080E-05  7.25139E-05  6.30075E-05
  5.86355E-05  5.46903E-05  5.37110E-05  4.79935E-05  4.87086E-05  3.89158E-05
  7.05501E-03  1.26798E-02  2.04327E-02  2.77619E-02  2.77537E-02  2.05133E-02
  1.27564E-02  7.49441E-03  4.25204E-03  2.46904E-03  1.46905E-03  8.94512E-04
  5.29141E-04  4.31656E-04  3.82737E-04  3.80781E-04  3.99599E-04  3.23581E-04
  2.51316E-04  1.94274E-04  1.49038E-04  1.17273E-04  9.34866E-05  8.80805E-05
  7.39796E-05  6.39915E-05  5.91677E-05  5.42927E-05  5.20461E-05  4.95830E-05
  4.63333E-05  4.00223E-05  7.56462E-03  1.39189E-02  2.33184E-02  3.28178E-02
  3.28323E-02  2.34413E-02  1.40748E-02  8.00470E-03  4.48193E-03  2.57778E-03
  1.56381E-03  9.38556E-04  5.49324E-04  4.58398E-04  4.10133E-04  4.13223E-04
  4.28277E-04  3.47091E-04  2.69788E-04  2.09581E-04  1.57751E-04  1.22649E-04
  1.06446E-04  8.82749E-05  7.87632E-05  6.83438E-05  5.99873E-05  5.66669E-05
  5.55648E-05  4.78053E-05  4.40694E-05  3.96723E-05  8.09895E-03  1.52847E-02
  2.66553E-02  3.91570E-02  3.92333E-02  2.66979E-02  1.53954E-02  8.53281E-03
  4.71700E-03  2.69662E-03  1.63701E-03  9.93333E-04  5.91236E-04  4.90406E-04
  4.59220E-04  4.49025E-04  4.64379E-04  3.79847E-04  2.89995E-04  2.19369E-04
  1.69122E-04  1.30520E-04  1.05989E-04  9.02060E-05  7.99337E-05  6.99392E-05
  6.31918E-05  5.72303E-05  5.70760E-05  4.95200E-05  4.50379E-05  4.26878E-05
  8.64424E-03  1.66919E-02  3.04930E-02  4.71408E-02  4.71653E-02  3.05525E-02
  1.68217E-02  9.06334E-03  4.94091E-03  2.82311E-03  1.69769E-03  1.04335E-03
  6.55109E-04  5.55761E-04  5.13496E-04  4.94955E-04  5.25380E-04  4.16345E-04
  2.94115E-04  2.25860E-04  1.71215E-04  1.37129E-04  1.10618E-04  9.34026E-05
  7.86836E-05  7.66129E-05  6.16400E-05  5.99236E-05  5.68850E-05  5.23609E-05
  4.59216E-05  4.54188E-05  9.13517E-03  1.81447E-02  3.47967E-02  5.73125E-02
  5.74045E-02  3.49079E-02  1.82611E-02  9.54791E-03  5.10589E-03  2.90422E-03
  1.78167E-03  1.13675E-03  7.37852E-04  6.32556E-04  5.99466E-04  5.86585E-04
  5.76611E-04  4.23165E-04  3.11081E-04  2.29870E-04  1.78158E-04  1.43806E-04
  1.18935E-04  1.03843E-04  9.00716E-05  8.29257E-05  7.09631E-05  6.74744E-05
  6.27431E-05  5.67107E-05  5.16800E-05  4.81766E-05  9.59563E-03  1.95878E-02
  3.96050E-02  7.05671E-02  7.06472E-02  3.97811E-02  1.97007E-02  1.00240E-02
  5.22915E-03  3.03597E-03  1.95022E-03  1.31595E-03  8.72337E-04  7.86047E-04
  7.04410E-04  6.24670E-04  5.71701E-04  4.31230E-04  3.18605E-04  2.50589E-04
  2.04238E-04  1.65870E-04  1.45270E-04  1.21953E-04  1.09828E-04  9.43327E-05
  8.55824E-05  7.94055E-05  7.03123E-05  6.82879E-05  5.93307E-05  4.75997E-05
  1.00764E-02  2.09997E-02  4.49634E-02  8.84378E-02  8.84203E-02  4.51041E-02
  2.11211E-02  1.04792E-02  5.34915E-03  3.29916E-03  2.22965E-03  1.55464E-03
  1.10045E-03  9.04931E-04  7.32672E-04  6.53663E-04  5.91162E-04  4.68573E-04
  3.81359E-04  3.12552E-04  2.73085E-04  2.38683E-04  2.02216E-04  1.74329E-04
  1.59927E-04  1.49906E-04  1.33077E-04  1.17464E-04  1.03519E-04  9.86334E-05
  8.84868E-05  8.32882E-05  1.04712E-02  2.23834E-02  5.06422E-02  1.12818E-01
  1.12823E-01  5.06780E-02  2.24725E-02  1.07930E-02  5.42670E-03  3.49005E-03
  2.39881E-03  1.70423E-03  1.20715E-03  9.42860E-04  7.86273E-04  6.58849E-04
  6.02966E-04  5.36404E-04  4.70332E-04  4.05970E-04  3.56396E-04  3.12813E-04
  2.80158E-04  2.56300E-04  2.26365E-04  2.05505E-04  1.84863E-04  1.73973E-04
  1.57602E-04  1.51557E-04  1.40527E-04  1.21175E-04  1.08031E-02  2.36358E-02
  5.63407E-02  1.47460E-01  1.47493E-01  5.63743E-02  2.36916E-02  1.10922E-02
  5.41756E-03  3.44315E-03  2.36564E-03  1.70195E-03  1.28656E-03  9.78567E-04
  7.76168E-04  6.51846E-04  5.82535E-04  5.10963E-04  4.47923E-04  3.94115E-04
  3.51445E-04  3.11622E-04  2.66683E-04  2.48088E-04  2.24941E-04  2.08743E-04
  1.85500E-04  1.76435E-04  1.58636E-04  1.47157E-04  1.36056E-04  1.25128E-04
  1.10613E-02  2.44578E-02  6.16300E-02  1.98879E-01  1.98849E-01  6.16694E-02
  2.46175E-02  1.13556E-02  5.37526E-03  3.41659E-03  2.40469E-03  1.74953E-03
  1.27131E-03  9.80817E-04  7.88538E-04  6.62935E-04  5.93980E-04  5.22452E-04
  4.62345E-04  4.02744E-04  3.52672E-04  3.13125E-04  2.77721E-04  2.49672E-04
  2.24045E-04  2.05919E-04  1.82413E-04  1.72851E-04  1.58811E-04  1.52152E-04
  1.39593E-04  1.25199E-04  1.12947E-02  2.51158E-02  6.57082E-02  2.82625E-01
  2.82641E-01  6.57537E-02  2.53493E-02  1.15209E-02  5.41361E-03  3.42248E-03
  2.37754E-03  1.70009E-03  1.25931E-03  9.70632E-04  7.98395E-04  6.76188E-04
  5.89804E-04  5.21441E-04  4.56888E-04  3.89539E-04  3.38476E-04  3.03723E-04
  2.70641E-04  2.43671E-04  2.20288E-04  2.02850E-04  1.81323E-04  1.67200E-04
  1.54356E-04  1.46840E-04  1.37626E-04  1.21941E-04  1.14312E-02  2.56102E-02
  6.80756E-02  5.00000E-01  4.99961E-01  6.81408E-02  2.56644E-02  1.15889E-02
  5.42302E-03  3.41210E-03  2.34975E-03  1.69663E-03  1.28553E-03  9.77369E-04
  7.90102E-04  6.71182E-04  5.84119E-04  5.14273E-04  4.53768E-04  3.88862E-04
  3.43597E-04  3.07252E-04  2.79865E-04  2.51380E-04  2.29036E-04  2.11640E-04
  1.91945E-04  1.81339E-04  1.67711E-04  1.57467E-04  1.42353E-04  1.34959E-04
  1.13879E-02  2.54963E-02  6.80009E-02  4.99934E-01  4.99828E-01  6.79998E-02
  2.56355E-02  1.16378E-02  5.45147E-03  3.45164E-03  2.39739E-03  1.71716E-03
  1.28906E-03  9.99573E-04  8.04810E-04  6.59808E-04  5.78936E-04  5.11643E-04
  4.55420E-04  3.98634E-04  3.58744E-04  3.15423E-04  2.83475E-04  2.51644E-04
  2.25578E-04  2.07003E-04  1.92084E-04  1.75196E-04  1.63890E-04  1.51656E-04
  1.41820E-04  1.27722E-04  1.12818E-02  2.50830E-02  6.56645E-02  2.82546E-01
  2.82824E-01  6.57302E-02  2.52399E-02  1.15277E-02  5.42316E-03  3.42848E-03
  2.38441E-03  1.72359E-03  1.27558E-03  9.78253E-04  7.94529E-04  6.75190E-04
  5.86038E-04  5.13739E-04  4.52907E-04  4.03185E-04  3.58500E-04  3.20673E-04
  2.88869E-04  2.63123E-04  2.40052E-04  2.16378E-04  2.01362E-04  1.79800E-04
  1.66644E-04  1.55986E-04  1.44190E-04  1.34484E-04  1.10897E-02  2.44885E-02
  6.13789E-02  1.98695E-01  1.98922E-01  6.15978E-02  2.45841E-02  1.13112E-02
  5.41293E-03  3.43464E-03  2.37668E-03  1.72182E-03  1.26878E-03  9.87591E-04
  7.89912E-04  6.56695E-04  5.84536E-04  5.14249E-04  4.49250E-04  3.94998E-04
  3.65634E-04  3.20812E-04  2.83537E-04  2.57448E-04  2.35726E-04  2.08281E-04
  1.93669E-04  1.76525E-04  1.63657E-04  1.47631E-04  1.39853E-04  1.31073E-04
  1.08310E-02  2.34602E-02  5.61722E-02  1.47326E-01  1.47614E-01  5.64002E-02
  2.36331E-02  1.11011E-02  5.37309E-03  3.45138E-03  2.37428E-03  1.72846E-03
  1.24883E-03  9.69090E-04  7.78477E-04  6.61946E-04  5.92928E-04  5.27275E-04
  4.66127E-04  4.04259E-04  3.44990E-04  3.05318E-04  2.75383E-04  2.52459E-04
  2.35210E-04  2.10690E-04  1.92404E-04  1.72761E-04  1.59761E-04  1.46561E-04
  1.34313E-04  1.23721E-04  1.04552E-02  2.22555E-02  5.04368E-02  1.12755E-01
  1.12991E-01  5.07641E-02  2.24937E-02  1.07577E-02  5.40308E-03  3.45838E-03
  2.38490E-03  1.71729E-03  1.23832E-03  9.48734E-04  7.72705E-04  6.61480E-04
  6.04311E-04  5.39138E-04  4.63363E-04  4.02785E-04  3.61628E-04  3.21065E-04
  2.83041E-04  2.57772E-04  2.35886E-04  2.11248E-04  1.94188E-04  1.78452E-04
  1.66153E-04  1.52736E-04  1.43275E-04  1.32714E-04  9.99581E-03  2.09376E-02
  4.48134E-02  8.84057E-02  8.85927E-02  4.50849E-02  2.10976E-02  1.04015E-02
  5.30208E-03  3.29138E-03  2.22631E-03  1.53479E-03  1.07975E-03  9.10967E-04
  7.71346E-04  6.51442E-04  5.82653E-04  4.66114E-04  3.84186E-04  3.21239E-04
  2.74827E-04  2.39785E-04  2.06943E-04  1.83978E-04  1.63244E-04  1.46819E-04
  1.34894E-04  1.20221E-04  1.08181E-04  9.74556E-05  8.68516E-05  8.14798E-05
  9.57678E-03  1.95046E-02  3.95906E-02  7.05868E-02  7.06934E-02  3.96718E-02
  1.97726E-02  1.00190E-02  5.19127E-03  3.00120E-03  1.95610E-03  1.29606E-03
  8.64950E-04  7.59253E-04  6.90126E-04  6.45608E-04  5.86019E-04  4.13265E-04
  3.23254E-04  2.58029E-04  2.04575E-04  1.66356E-04  1.39245E-04  1.24356E-04
  1.07880E-04  9.61565E-05  8.73659E-05  8.05402E-05  7.16533E-05  6.29075E-05
  5.63254E-05  5.22197E-05  9.08512E-03  1.81169E-02  3.47845E-02  5.72481E-02
  5.73252E-02  3.48290E-02  1.83276E-02  9.54338E-03  5.07187E-03  2.86762E-03
  1.77715E-03  1.14394E-03  7.30456E-04  6.43181E-04  5.91122E-04  5.86278E-04
  5.63498E-04  4.24692E-04  3.11440E-04  2.35327E-04  1.83281E-04  1.44540E-04
  1.24578E-04  1.04641E-04  9.22635E-05  8.47538E-05  7.72318E-05  6.80204E-05
  6.15146E-05  5.39687E-05  5.06343E-05  4.48742E-05  8.59689E-03  1.67238E-02
  3.04881E-02  4.70291E-02  4.71375E-02  3.05120E-02  1.68656E-02  9.08672E-03
  4.88881E-03  2.77989E-03  1.68399E-03  1.04919E-03  6.55266E-04  5.55357E-04
  5.12982E-04  5.02916E-04  5.19306E-04  4.10505E-04  3.03682E-04  2.26697E-04
  1.73252E-04  1.37780E-04  1.14331E-04  1.01443E-04  8.47502E-05  7.67247E-05
  7.31832E-05  6.44788E-05  5.68310E-05  4.85609E-05  5.15586E-05  3.93347E-05
  8.11006E-03  1.52903E-02  2.67044E-02  3.91098E-02  3.91812E-02  2.66919E-02
  1.53692E-02  8.57826E-03  4.70171E-03  2.68563E-03  1.61902E-03  9.85961E-04
  5.87620E-04  4.98061E-04  4.60328E-04  4.40682E-04  4.63988E-04  3.74072E-04
  2.90412E-04  2.17046E-04  1.68783E-04  1.35290E-04  1.12605E-04  9.07883E-05
  7.99922E-05  6.97867E-05  6.56780E-05  5.93335E-05  5.58953E-05  4.94012E-05
  4.76863E-05  4.00126E-05  7.58669E-03  1.39251E-02  2.33386E-02  3.28319E-02
  3.28793E-02  2.33725E-02  1.40217E-02  7.98380E-03  4.50306E-03  2.60341E-03
  1.55210E-03  9.23585E-04  5.45534E-04  4.48594E-04  4.13066E-04  4.06791E-04
  4.23181E-04  3.45785E-04  2.60909E-04  2.09819E-04  1.57412E-04  1.27429E-04
  9.92245E-05  9.03266E-05  7.13069E-05  6.74945E-05  6.18564E-05  5.70543E-05
  5.52887E-05  4.78640E-05  4.81417E-05  3.96050E-05  7.08445E-03  1.26614E-02
  2.04639E-02  2.77643E-02  2.78145E-02  2.04923E-02  1.27499E-02  7.43479E-03
  4.25992E-03  2.47334E-03  1.48542E-03  8.80915E-04  5.06121E-04  4.09160E-04
  3.72974E-04  3.76945E-04  3.84665E-04  3.29740E-04  2.47582E-04  1.96318E-04
  1.50689E-04  1.23145E-04  9.74987E-05  8.49329E-05  7.40191E-05  6.37676E-05
  5.87047E-05  5.51421E-05  5.11440E-05  4.70943E-05  4.63971E-05  3.83837E-05
  6.56920E-03  1.14389E-02  1.79531E-02  2.36401E-02  2.36715E-02  1.79574E-02
  1.15837E-02  6.90611E-03  3.96486E-03  2.29918E-03  1.40036E-03  8.41226E-04
  4.89297E-04  3.99149E-04  3.51499E-04  3.51646E-04  3.59856E-04  3.01647E-04
  2.40342E-04  1.82240E-04  1.44806E-04  1.21635E-04  9.61272E-05  8.15360E-05
  7.35544E-05  6.20676E-05  5.76346E-05  5.38208E-05  4.79522E-05  4.38382E-05
  4.23125E-05  3.72544E-05  6.05796E-03  1.03578E-02  1.57525E-02  2.02563E-02
  2.02522E-02  1.57885E-02  1.04775E-02  6.40042E-03  3.68983E-03  2.13728E-03
  1.29827E-03  7.92155E-04  4.77724E-04  3.88132E-04  3.43276E-04  3.29186E-04
  3.40679E-04  2.81763E-04  2.31281E-04  1.76308E-04  1.37456E-04  1.15337E-04
  9.48376E-05  8.04481E-05  6.60036E-05  6.32442E-05  5.79926E-05  5.25789E-05
  4.82196E-05  4.67549E-05  4.27988E-05  3.67163E-05  5.57188E-03  9.35999E-03
  1.38526E-02  1.74066E-02  1.74350E-02  1.38814E-02  9.45921E-03  5.87156E-03
  3.32916E-03  1.94694E-03  1.18711E-03  7.25502E-04  4.60765E-04  3.68394E-04
  3.36852E-04  3.19111E-04  3.34058E-04  2.73111E-04  2.09883E-04  1.64020E-04
  1.30679E-04  1.05843E-04  8.86811E-05  7.60700E-05  6.84328E-05  6.03569E-05
  5.70659E-05  5.05673E-05  4.84125E-05  4.72443E-05  4.45579E-05  3.25861E-05
  5.10078E-03  8.44704E-03  1.21771E-02  1.50444E-02  1.50622E-02  1.22119E-02
  8.52887E-03  5.35559E-03  2.99974E-03  1.79086E-03  1.11256E-03  7.01094E-04
  4.55700E-04  3.63638E-04  3.18684E-04  3.11508E-04  3.12071E-04  2.61581E-04
  2.01641E-04  1.55913E-04  1.23646E-04  1.04263E-04  8.40086E-05  7.61423E-05
  6.70675E-05  5.86712E-05  5.60915E-05  4.96038E-05  4.89450E-05  4.54224E-05
  4.18715E-05  3.67081E-05  4.69415E-03  7.62505E-03  1.07440E-02  1.30833E-02
  1.31093E-02  1.08289E-02  7.67174E-03  4.88499E-03  2.83699E-03  1.73757E-03
  1.09864E-03  7.02123E-04  4.64824E-04  3.62548E-04  3.16331E-04  2.98392E-04
  3.12667E-04  2.54943E-04  1.91036E-04  1.49787E-04  1.16724E-04  1.01766E-04
  8.48561E-05  7.15159E-05  6.26169E-05  5.89087E-05  5.38539E-05  4.72105E-05
  4.65672E-05  4.41834E-05  4.29128E-05  3.66690E-05  4.32618E-03  6.86812E-03
  9.46257E-03  1.14009E-02  1.14105E-02  9.53228E-03  6.92637E-03  4.44903E-03
  2.66636E-03  1.71835E-03  1.10282E-03  7.30729E-04  4.86127E-04  3.61360E-04
  3.11495E-04  2.97647E-04  2.99640E-04  2.47589E-04  1.88939E-04  1.43745E-04
  1.12378E-04  9.91500E-05  8.28651E-05  7.33447E-05  6.56050E-05  5.92046E-05
  5.14265E-05  4.97430E-05  4.51054E-05  3.83615E-05  4.20469E-05  3.68991E-05
  3.96590E-03  6.15413E-03  8.34233E-03  9.92734E-03  9.94349E-03  8.40057E-03
  6.20132E-03  4.04769E-03  2.46779E-03  1.69313E-03  1.11182E-03  7.47841E-04
  5.09873E-04  3.73440E-04  3.12403E-04  2.86038E-04  2.87282E-04  2.31880E-04
  1.82918E-04  1.37344E-04  1.13160E-04  9.49735E-05  8.16968E-05  7.17702E-05
  6.30239E-05  5.85633E-05  5.16603E-05  4.86568E-05  4.44188E-05  4.20034E-05
  4.08077E-05  3.59670E-05  3.61995E-03  5.50414E-03  7.34572E-03  8.61779E-03
  8.67295E-03  7.40286E-03  5.54717E-03  3.69408E-03  2.26440E-03  1.65084E-03
  1.12120E-03  7.61307E-04  5.25581E-04  3.99443E-04  3.11324E-04  2.81866E-04
  2.88803E-04  2.20408E-04  1.77524E-04  1.37970E-04  1.06106E-04  8.96880E-05
  7.59487E-05  6.82040E-05  6.02417E-05  5.85359E-05  4.95884E-05  4.79008E-05
  4.24055E-05  4.43490E-05  4.01065E-05  3.67786E-05  3.27048E-03  4.92197E-03
  6.46642E-03  7.54789E-03  7.58508E-03  6.50754E-03  4.96483E-03  3.32399E-03
  2.09302E-03  1.59839E-03  1.12085E-03  7.75905E-04  5.39265E-04  4.00225E-04
  3.09584E-04  2.82396E-04  2.82945E-04  2.21412E-04  1.69724E-04  1.27816E-04
  1.06210E-04  8.34409E-05  7.49010E-05  6.24427E-05  5.68317E-05  5.33935E-05
  4.97165E-05  4.28771E-05  4.18226E-05  4.03661E-05  3.81545E-05  3.51382E-05
  2.96197E-03  4.36665E-03  5.69648E-03  6.58131E-03  6.61487E-03  5.70635E-03
  4.41156E-03  2.98867E-03  1.92441E-03  1.52684E-03  1.10364E-03  7.79631E-04
  5.60792E-04  4.14723E-04  3.26076E-04  2.78674E-04  2.68590E-04  2.09254E-04
  1.63229E-04  1.26825E-04  1.01310E-04  8.44915E-05  7.30845E-05  6.23161E-05
  5.76183E-05  5.25360E-05  4.95357E-05  4.67181E-05  4.23842E-05  4.06839E-05
  3.73921E-05  3.55700E-05  2.65569E-03  3.85880E-03  4.95641E-03  5.71319E-03
  5.74543E-03  4.97626E-03  3.89041E-03  2.68753E-03  1.76182E-03  1.45314E-03
  1.09019E-03  7.92900E-04  5.68788E-04  4.30293E-04  3.38109E-04  2.87455E-04
  2.66296E-04  2.03936E-04  1.54553E-04  1.22423E-04  1.01693E-04  8.21184E-05
  7.15020E-05  6.14882E-05  5.76876E-05  5.11744E-05  4.81598E-05  4.62110E-05
  4.04658E-05  3.90837E-05  3.69222E-05  3.41383E-05  2.37052E-03  3.37059E-03
  4.30405E-03  4.90875E-03  4.91847E-03  4.32544E-03  3.40708E-03  2.37736E-03
  1.60361E-03  1.36271E-03  1.07737E-03  7.97532E-04  5.74569E-04  4.30122E-04
  3.40924E-04  2.94611E-04  2.59584E-04  1.96180E-04  1.43356E-04  1.13507E-04
  9.29387E-05  8.04949E-05  6.53951E-05  5.90750E-05  5.20455E-05  5.06481E-05
  4.45386E-05  4.32788E-05  3.93389E-05  3.75781E-05  3.84157E-05  3.37500E-05
  2.04333E-03  2.86619E-03  3.63831E-03  4.11323E-03  4.11944E-03  3.65338E-03
  2.89450E-03  2.04558E-03  1.46190E-03  1.26992E-03  1.04661E-03  7.90876E-04
  5.86419E-04  4.36849E-04  3.46130E-04  2.87414E-04  2.57240E-04  1.83614E-04
  1.37832E-04  9.88197E-05  9.01614E-05  7.78082E-05  6.28251E-05  5.89142E-05
  4.94210E-05  4.71427E-05  4.36292E-05  4.44575E-05  4.06051E-05  3.95443E-05
  3.72691E-05  3.24456E-05
